933
208 172
118 46
166 645
749 739
210 218
214 16
463 271
448 245
258 484
28 62
775 166
822 297
127 428
10 11
530 267
930 368
805 33
120 256
487 296
440 721
876 625
202 490
159 298
269 258
800 838
200 47
361 464
157 28
320 409
219 130
507 670
62 80
242 685
110 605
726 424
110 44
540 669
453 606
182 808
651 441
716 801
51 564
2 563
129 209
170 20
16 7
48 58
327 477
818 631
817 301
407 776
238 396
124 872
850 754
143 141
300 298
137 46
668 299
19 64
455 650
227 742
326 185
500 75
317 312
737 812
470 680
337 713
223 747
133 161
520 164
686 140
61 29
207 765
18 96
355 753
722 611
816 762
393 58
83 5
224 229
633 50
238 200
115 43
303 348
630 337
222 268
109 186
277 309
267 161
16 565
828 77
2 4
608 635
173 14
322 392
592 208
469 291
760 892
142 221
716 449
446 911
45 567
5 10
826 174
42 251
380 724
78 370
232 420
503 105
506 277
579 835
44 595
804 670
573 534
105 510
54 79
120 33
88 589
91 304
90 665
11 210
743 53
467 138
122 832
459 16
899 189
362 764
6 694
746 639
919 103
581 322
435 704
470 394
582 780
131 133
732 734
320 357
928 447
18 40
123 40
128 270
551 12
338 138
86 56
27 174
44 22
89 602
93 5
207 897
139 25
327 512
806 178
6 14
677 25
499 311
279 395
179 299
350 280
340 429
715 588
89 43
165 513
884 414
98 146
465 330
328 290
785 545
258 172
756 220
2 7
575 322
5 36
836 617
653 237
425 364
754 134
697 545
188 478
207 272
511 543
1 226
112 324
556 4
421 437
136 232
731 220
108 106
320 277
636 504
192 406
87 20
226 777
833 792
412 923
502 162
612 218
793 755
439 375
183 106
168 444
377 38
49 671
99 342
255 221
40 346
622 452
232 667
195 451
74 49
405 148
237 515
335 732
771 88
50 489
385 348
28 4
661 570
499 910
21 25
693 390
460 676
881 531
11 38
324 538
65 44
48 47
497 869
368 212
352 213
205 441
624 908
634 568
349 187
442 264
541 169
48 330
212 209
784 354
4 580
449 546
566 208
207 230
147 105
224 85
40 301
51 175
479 277
473 922
223 898
696 576
285 403
106 80
138 189
51 20
470 619
3 27
57 60
135 794
473 285
273 411
196 161
205 231
453 127
138 97
790 420
300 643
76 247
688 858
81 222
335 138
458 179
333 38
688 186
378 825
757 789
20 21
20 71
316 307
44 95
164 523
363 14
540 131
353 103
391 216
896 359
419 488
317 383
400 335
57 340
198 265
26 114
748 16
819 462
581 813
109 277
674 547
307 524
283 62
823 901
360 617
472 131
107 106
98 51
409 537
45 27
263 435
483 229
126 178
120 151
101 60
122 66
25 276
63 766
150 245
130 534
215 44
45 492
128 114
215 296
198 98
256 902
128 171
382 615
372 73
708 452
700 636
594 587
33 586
147 568
148 207
545 3
456 418
600 425
28 191
158 329
379 156
727 647
131 354
593 470
294 931
11 100
228 50
281 56
373 648
15 94
774 333
549 664
702 324
64 657
312 430
150 242
701 202
49 165
374 44
550 608
416 269
134 408
421 131
92 768
485 496
446 428
750 392
867 785
312 476
698 596
155 96
732 803
260 738
73 454
3 91
54 169
85 29
513 529
717 628
187 172
237 427
205 655
658 409
101 140
338 443
359 418
53 52
41 10
57 179
548 111
495 823
73 29
452 142
273 122
70 587
135 89
571 205
292 164
67 455
624 218
250 130
411 795
199 863
27 112
819 865
279 206
204 133
191 397
260 217
37 35
50 109
150 80
297 887
831 890
66 613
48 466
32 11
555 10
161 678
160 620
878 287
809 870
17 286
69 8
55 18
163 49
407 358
924 876
149 180
527 711
117 217
192 114
18 34
373 131
235 225
7 188
601 274
76 284
529 736
588 886
607 251
733 72
450 475
94 526
511 196
149 932
509 196
929 463
152 48
853 94
5 13
21 497
62 445
390 181
339 22
461 623
820 815
259 16
744 738
318 618
909 655
103 654
518 9
39 12
783 461
23 20
202 36
323 609
267 569
778 366
285 83
84 307
880 907
287 223
10 43
275 257
705 311
615 662
10 735
821 506
588 30
371 438
758 138
128 681
238 547
572 571
149 82
313 20
22 14
399 89
165 412
914 916
883 115
93 305
889 674
603 195
584 57
382 326
18 19
905 34
181 384
41 46
757 108
433 32
585 424
68 240
47 288
714 83
345 144
699 484
644 16
333 558
269 501
308 135
451 728
378 6
386 482
442 760
62 440
58 103
78 303
388 49
74 119
92 37
213 103
42 291
44 99
533 164
913 127
67 136
294 628
2 1
687 596
302 217
6 29
689 93
261 28
845 175
68 225
20 206
527 52
42 82
248 318
162 77
389 9
652 348
15 398
926 611
274 59
43 63
46 156
418 561
791 339
707 697
684 70
99 126
52 3
71 153
386 900
134 47
610 396
877 69
43 141
51 315
170 254
15 322
54 30
234 741
334 191
13 263
343 56
739 702
648 649
89 113
114 576
333 539
461 521
155 864
632 386
647 442
28 891
88 80
423 183
752 258
136 933
8 868
462 247
535 513
205 507
519 120
114 158
866 489
45 177
7 35
132 116
10 31
271 56
77 68
293 514
257 152
360 40
728 847
873 849
573 912
918 499
55 598
288 542
477 516
124 164
89 371
712 129
85 415
128 882
583 656
123 237
57 33
40 203
75 97
253 118
366 253
604 121
38 637
532 64
147 314
154 49
91 434
167 130
824 298
387 560
141 536
44 47
414 104
879 20
495 751
244 24
359 436
447 280
233 130
351 809
851 738
874 55
310 195
666 298
5 525
319 118
49 148
839 292
557 379
294 112
29 176
596 231
5 3
280 180
45 831
111 42
796 41
539 625
386 127
425 895
266 34
290 288
729 410
471 75
466 723
471 578
246 117
224 810
332 246
6 24
468 235
767 624
599 108
65 193
37 660
811 499
561 579
4 18
631 367
383 841
347 219
769 699
75 243
250 325
367 51
206 718
4 70
293 239
2 331
297 105
307 763
830 518
402 424
356 646
927 317
203 638
552 231
311 480
561 597
76 47
36 375
264 259
202 730
220 213
583 44
500 888
914 662
102 55
68 1
321 75
337 270
459 570
491 409
323 351
676 843
125 62
657 849
761 627
216 75
860 21
394 351
778 920
124 486
446 852
798 394
323 131
20 504
104 57
239 134
248 184
531 270
87 508
223 162
834 669
71 692
72 201
611 371
880 821
41 904
379 640
720 12
320 410
151 160
524 856
788 731
710 231
310 614
518 802
84 75
312 296
81 46
311 401
429 725
359 214
419 332
248 355
857 151
797 510
130 19
149 413
197 6
875 540
203 498
373 461
642 41
364 339
7 17
526 683
2 3
168 32
303 762
431 112
42 38
58 144
921 704
185 17
49 34
39 306
675 511
485 409
59 22
559 402
11 56
362 663
278 259
200 336
709 610
224 341
690 422
876 894
199 197
248 327
474 164
244 829
50 14
836 855
79 745
885 234
903 820
124 129
257 859
259 376
142 22
375 906
228 234
599 925
271 358
550 286
861 753
254 432
457 6
505 291
672 799
773 522
706 424
101 362
837 443
184 183
811 840
359 549
92 404
6 3
554 232
537 682
263 344
127 11
120 282
34 356
211 562
67 159
574 377
576 691
311 133
842 815
182 112
72 65
64 172
90 76
915 391
421 740
367 426
3 131
90 380
814 345
249 92
553 496
641 634
26 827
17 450
287 893
21 241
752 807
498 590
205 160
119 181
737 353
83 195
138 417
145 55
672 150
770 214
21 26
321 387
422 129
481 435
78 55
655 659
144 402
252 40
463 695
639 586
871 705
134 166
66 34
3 30
117 369
377 582
62 117
786 204
7 20
33 12
9 7
591 527
480 621
629 422
493 62
236 234
117 381
