984 1100
916 845
348 708
965 613
335 162
499 592
284 458
233 899
845 869
752 247
35 863
862 689
377 187
932 313
389 952
136 377
457 927
497 602
910 137
47 869
736 706
210 193
832 476
636 805
352 731
962 78
678 354
844 265
65 689
254 122
262 688
538 223
565 265
676 273
800 144
901 890
595 935
648 795
495 584
885 39
160 414
715 176
788 887
796 689
720 682
2 654
82 66
84 95
479 293
952 5
854 217
334 143
186 223
932 791
772 588
127 711
843 472
366 718
916 261
923 322
226 418
406 596
153 48
521 308
677 857
630 364
14 153
183 456
505 345
736 805
445 737
193 486
770 817
503 705
812 157
586 768
92 248
808 197
223 444
58 527
486 200
431 547
40 502
70 746
559 298
905 951
269 286
381 140
893 55
568 237
260 739
134 891
179 407
69 843
222 338
183 217
693 505
852 804
90 353
784 899
29 842
797 76
924 547
680 890
435 720
93 716
722 914
861 505
19 266
383 654
617 653
834 416
862 800
168 942
455 603
639 582
948 969
14 172
605 23
753 761
750 917
823 699
559 132
294 108
503 167
176 620
396 97
863 327
430 293
501 447
657 362
917 818
104 203
556 332
903 935
282 798
450 729
781 382
277 785
318 281
458 918
600 469
652 390
738 666
883 872
799 459
321 536
900 937
476 455
538 474
355 32
613 86
567 545
912 701
593 513
438 645
831 433
496 278
538 741
743 394
960 351
847 910
359 445
954 403
99 283
255 545
303 748
460 445
213 186
699 110
919 860
922 213
274 334
263 920
570 882
594 497
257 210
912 777
359 133
356 854
820 595
943 147
543 894
271 869
243 203
365 544
19 306
800 224
210 739
630 504
207 601
888 250
716 691
52 568
498 7
59 266
542 138
722 657
79 306
712 796
619 210
368 248
692 241
690 597
833 351
797 774
364 34
884 503
818 982
374 812
246 397
563 509
759 380
872 587
871 705
971 918
587 567
846 506
84 633
438 326
828 465
819 951
150 129
696 192
175 112
649 488
499 565
600 873
857 285
470 58
755 499
462 485
967 664
41 227
538 547
786 81
400 284
947 968
333 882
460 868
630 328
642 216
403 311
434 90
98 539
278 99
371 728
320 352
133 464
914 78
532 609
512 178
362 57
194 490
174 930
525 223
405 799
191 984
487 113
427 131
569 247
569 193
393 602
478 396
138 710
30 943
334 124
424 214
280 891
111 277
269 432
718 582
71 307
623 774
609 579
578 323
693 901
39 266
380 845
764 122
480 951
751 177
699 407
271 660
867 21
776 375
355 640
753 925
796 727
188 952
561 664
842 729
324 653
28 893
683 154
480 496
454 421
456 241
713 768
296 240
367 944
755 523
329 602
414 922
279 235
309 444
215 968
839 711
400 215
259 235
5 374
810 53
659 426
585 382
375 911
602 615
601 661
913 703
527 559
428 966
8 292
155 832
959 203
613 887
182 856
437 187
234 944
773 140
942 498
226 747
552 905
191 525
735 439
306 489
968 411
249 566
932 318
457 922
546 231
767 200
657 907
629 96
26 983
768 78
106 722
900 749
465 982
386 204
833 956
722 626
815 691
252 108
661 67
918 181
977 82
939 4
489 852
33 535
651 648
866 596
94 701
734 971
593 725
945 67
802 972
560 628
781 626
970 93
320 40
718 939
400 904
232 802
13 814
384 525
755 93
67 417
317 821
826 482
108 101
951 172
82 406
307 140
391 607
394 449
241 365
861 708
157 508
238 650
611 547
357 624
869 198
680 118
397 803
299 566
612 738
188 738
680 787
602 179
166 218
371 629
465 626
948 215
90 142
477 702
240 873
304 155
85 983
856 26
421 504
759 291
92 724
593 982
542 35
333 520
702 862
32 766
673 864
761 163
509 773
98 177
548 544
558 289
614 660
667 248
610 683
1 146
940 223
878 768
508 763
896 196
835 540
487 808
279 566
583 354
254 304
700 453
942 828
371 188
817 777
474 282
206 68
189 20
880 72
780 316
382 694
829 590
907 483
898 121
307 87
788 431
614 890
327 706
905 641
876 277
320 827
437 277
975 734
381 789
127 215
247 257
80 601
520 100
785 142
784 44
983 260
193 277
725 943
64 565
434 610
951 604
700 919
753 414
401 84
126 758
46 675
582 50
423 176
35 115
561 76
685 382
671 3
261 177
475 854
98 827
946 960
850 630
356 520
369 157
34 879
677 690
601 679
885 777
279 302
509 791
522 347
902 824
112 153
395 504
642 644
79 305
710 179
202 863
540 4
210 313
707 663
983 214
80 509
121 889
74 151
923 872
970 382
282 167
630 28
693 689
541 186
201 217
150 446
77 716
911 365
575 744
92 651
787 669
628 34
983 630
126 46
26 41
219 80
183 78
316 404
565 421
470 957
189 169
811 536
581 55
581 642
927 95
917 109
249 573
715 945
857 927
791 508
669 426
76 199
285 510
883 462
387 853
54 292
330 246
804 187
279 561
294 12
805 417
899 721
849 276
412 920
792 327
380 299
182 379
319 467
653 155
104 461
820 327
818 626
241 570
514 120
576 892
124 133
176 870
325 4
95 669
928 922
203 798
58 611
963 765
917 281
49 575
93 366
376 936
235 283
856 278
673 586
731 671
428 919
541 463
334 777
971 941
110 28
566 505
52 365
413 530
541 623
636 733
787 570
594 898
677 571
794 904
505 32
75 65
646 813
771 974
303 740
799 382
679 233
657 782
686 936
87 274
69 830
85 559
482 889
684 123
528 900
231 525
399 449
610 879
904 370
516 514
311 251
744 813
152 576
193 770
936 504
912 543
61 798
826 640
730 86
445 716
385 303
196 397
671 86
353 595
933 858
739 752
746 411
164 512
485 648
502 817
536 571
444 277
214 975
302 841
248 941
933 821
697 788
490 634
177 45
702 441
447 785
822 783
837 921
765 670
783 35
287 378
301 891
569 539
570 452
616 519
271 131
354 623
129 637
607 577
522 397
972 451
678 910
788 345
526 828
178 120
448 371
98 734
161 782
220 895
931 811
86 580
413 343
247 194
375 463
160 607
701 771
419 16
447 246
608 349
465 496
552 196
938 31
533 281
659 722
745 846
495 247
165 692
277 705
925 650
515 658
777 299
722 115
885 784
217 421
303 453
281 470
258 590
558 925
293 606
37 511
740 905
454 936
929 780
696 572
713 745
665 140
921 455
786 509
300 516
243 3
261 123
878 323
921 213
162 714
401 942
59 899
334 688
694 659
118 202
496 511
156 381
591 161
938 187
775 172
598 189
780 816
942 803
268 215
388 1
126 6
858 441
317 230
548 875
290 614
598 600
178 431
595 103
847 642
324 283
883 219
804 565
980 135
539 303
317 480
912 974
923 578
602 774
913 110
466 279
764 60
406 153
944 720
588 909
378 627
348 791
507 633
940 563
44 504
815 230
913 131
183 160
694 693
262 13
90 903
235 367
588 796
316 761
319 127
957 644
453 199
463 824
665 82
589 167
902 87
532 211
659 567
243 711
757 967
939 14
714 354
942 683
221 572
243 674
317 370
771 608
182 337
498 366
272 73
56 216
866 515
957 952
386 207
142 564
171 306
929 190
739 728
471 894
915 861
440 55
93 241
25 550
404 239
377 313
4 493
714 984
162 13
101 815
633 609
564 563
895 788
812 668
893 901
373 761
224 923
171 644
837 272
94 583
726 59
273 971
147 155
491 509
102 121
212 92
431 584
34 145
324 236
964 418
190 665
112 280
753 433
269 22
867 815
556 271
608 56
411 564
161 729
728 551
328 236
61 864
861 630
308 618
405 856
844 817
632 889
183 368
204 581
644 161
50 406
630 172
750 540
830 140
15 182
254 90
250 705
765 841
87 374
286 974
961 462
637 300
148 512
48 929
619 180
692 155
51 534
77 691
269 190
557 498
128 285
960 119
430 22
23 830
978 585
418 639
906 112
58 726
723 388
808 778
109 976
516 16
450 271
401 58
461 533
832 87
884 127
394 319
580 582
90 349
151 412
418 333
674 36
878 225
248 727
845 40
950 126
95 223
419 206
807 447
181 724
495 294
674 793
464 772
46 307
434 696
146 549
598 966
633 710
670 520
376 751
503 820
581 766
545 654
550 411
163 76
121 40
568 736
861 359
159 264
622 964
142 473
123 757
95 760
434 847
682 705
244 840
292 865
162 85
574 909
160 284
795 928
376 16
193 118
812 891
725 635
337 842
40 598
221 372
24 741
240 183
566 654
390 308
871 165
674 801
717 467
488 795
855 134
757 211
80 253
462 802
214 311
368 874
934 710
181 54
939 194
414 898
509 512
302 518
737 306
168 158
900 599
275 857
940 446
68 664
916 594
813 363
349 794
807 483
926 705
351 669
392 194
186 288
751 542
644 753
843 298
732 354
706 493
97 115
511 760
745 252
127 450
422 726
291 336
691 458
92 972
562 267
761 636
947 255
762 865
34 627
83 879
832 889
56 582
778 749
62 8
913 386
438 859
238 673
871 439
90 384
317 66
266 406
906 845
165 392
926 812
741 222
335 27
796 543
666 884
441 900
95 393
339 708
194 257
956 929
694 742
62 548
208 467
786 862
862 889
627 85
269 311
583 611
305 968
646 498
765 659
687 885
65 14
348 758
765 203
795 120
625 724
553 298
982 7
51 483
81 791
222 863
491 946
590 674
93 166
889 212
755 294
648 97
351 339
660 766
778 728
662 818
618 51
137 632
800 733
487 246
950 213
83 232
147 223
888 288
391 399
65 954
424 118
112 616
920 122
706 801
165 147
494 545
704 485
863 531
360 231
201 600
519 72
975 463
462 54
635 980
773 869
636 395
78 542
972 493
405 769
572 220
87 606
431 362
115 261
859 944
29 960
898 152
699 930
219 713
401 49
415 522
823 324
470 621
575 73
48 585
338 952
741 626
33 900
174 260
66 653
497 470
709 256
173 441
1 61
358 146
154 844
38 846
