1000 9893
121 970
368 553
169 552
632 442
725 611
899 112
125 899
783 632
937 531
845 394
591 730
298 95
940 418
190 65
797 39
285 883
333 330
215 758
350 907
379 209
561 684
344 288
968 698
200 772
934 467
222 321
777 404
407 305
134 523
467 538
447 305
723 717
837 970
445 111
174 663
104 463
416 378
985 74
161 536
190 669
528 572
800 177
70 951
550 109
807 534
189 781
853 436
396 155
821 662
403 805
436 82
13 414
457 108
317 1000
562 125
629 127
151 353
339 129
71 718
408 262
617 552
136 789
236 926
46 127
775 861
376 233
141 621
91 270
608 916
183 214
594 155
668 950
194 525
330 393
897 96
102 248
43 304
10 139
229 5
753 38
842 684
627 142
845 251
993 584
814 89
815 935
229 150
581 705
75 669
822 213
702 559
149 437
171 37
964 366
200 730
164 954
935 95
919 826
242 114
761 994
371 618
781 821
111 492
472 979
90 14
695 639
481 923
262 670
470 477
705 660
636 132
894 852
701 448
423 638
317 471
104 412
434 277
291 740
479 87
517 446
494 561
397 496
648 50
316 128
171 619
787 969
37 42
330 36
170 589
943 202
520 984
752 85
199 714
925 308
900 822
371 296
847 287
11 673
486 909
287 180
412 855
987 537
533 925
241 863
810 814
565 312
176 974
249 648
235 429
842 415
37 767
793 113
461 803
780 857
897 984
103 370
489 42
315 328
436 551
438 509
828 589
225 480
500 686
618 9
37 837
362 843
219 206
737 397
959 282
870 419
963 223
232 339
343 33
642 952
2 539
223 543
439 626
152 436
134 4
718 149
858 346
659 423
896 51
897 366
437 93
241 372
953 243
244 754
270 375
25 708
675 223
707 480
284 343
967 946
678 675
208 921
961 381
359 898
344 361
553 539
790 856
609 887
192 685
284 117
134 821
332 329
835 712
781 396
543 829
408 996
687 806
361 171
655 260
969 517
37 125
493 619
166 339
204 994
793 371
923 116
586 262
622 696
491 86
246 220
467 161
863 254
732 659
913 73
205 813
157 906
430 442
274 914
594 543
801 550
576 407
196 711
989 30
476 119
874 709
816 508
580 621
905 925
358 119
578 545
435 714
280 228
223 959
652 33
605 95
849 405
849 196
263 81
157 462
380 761
362 796
346 441
662 377
665 11
349 562
426 497
707 896
745 213
266 70
966 931
555 596
479 628
392 560
786 672
572 313
212 768
824 386
785 908
823 716
891 442
746 491
385 289
437 290
384 722
630 837
293 589
580 860
323 455
52 143
679 98
616 2
29 361
877 933
414 701
273 831
430 409
791 533
96 970
892 294
397 342
164 551
436 268
113 137
574 110
298 301
672 242
951 727
821 927
736 933
130 738
264 356
504 617
505 144
621 194
969 545
291 525
458 38
277 738
773 685
191 792
430 448
948 389
581 485
710 139
136 988
421 660
145 722
192 275
690 46
28 649
912 124
934 685
362 811
323 696
604 351
642 60
715 990
310 470
239 500
775 888
776 682
638 552
289 745
54 939
291 423
261 515
542 940
779 458
193 683
620 608
42 626
263 202
674 367
639 829
250 232
91 451
789 910
152 125
523 94
873 21
102 705
99 438
95 536
497 825
125 785
509 690
60 848
354 629
815 736
697 1
881 364
608 420
111 339
360 836
705 542
208 978
467 831
599 254
256 838
734 899
479 44
501 484
341 75
821 209
569 168
532 292
535 967
536 863
26 757
703 285
374 141
322 360
126 802
515 555
734 701
184 377
592 150
779 286
479 450
355 240
913 228
164 426
152 838
173 548
445 479
363 186
294 684
27 995
448 92
66 519
602 629
605 594
606 149
117 104
83 312
803 73
219 648
230 878
311 344
611 846
213 566
306 376
376 703
653 222
196 287
978 75
567 824
901 956
805 995
681 685
7 353
291 472
534 18
352 228
595 32
888 22
63 606
484 481
936 907
261 615
376 819
300 19
375 585
965 271
129 157
103 132
206 925
48 459
876 877
823 790
256 24
718 120
702 605
703 748
48 346
567 365
366 86
794 955
265 175
11 447
324 718
497 545
592 822
792 152
316 750
155 552
759 777
583 616
893 304
809 571
99 343
392 181
123 77
584 681
180 60
610 697
593 301
721 368
773 867
373 525
63 321
23 388
897 91
807 594
420 961
673 985
667 320
423 718
723 623
433 586
216 102
51 989
222 92
630 329
252 979
435 309
808 313
903 698
174 914
913 994
537 910
330 180
278 188
448 215
451 664
312 537
362 357
269 791
914 460
255 242
754 783
573 844
173 187
429 209
488 659
427 560
948 385
896 386
607 527
672 101
569 872
698 450
89 886
391 955
12 300
791 703
715 887
793 225
149 394
64 931
449 939
214 597
646 685
785 645
91 410
937 942
111 983
721 775
299 169
876 300
513 19
835 103
76 477
423 72
190 429
281 599
798 44
655 941
15 258
937 840
479 657
702 456
793 428
489 613
327 381
95 737
61 561
794 782
551 178
862 474
66 24
204 398
610 605
94 442
5 427
462 850
910 422
204 316
415 925
736 922
701 340
98 139
808 931
668 3
687 801
748 849
605 760
491 440
203 332
900 446
294 869
154 312
412 752
147 210
587 34
295 985
791 948
304 391
429 787
876 188
986 652
914 417
398 566
738 61
296 984
923 149
463 84
581 401
378 700
403 384
442 337
886 284
45 852
685 468
892 933
948 887
788 908
595 506
651 444
979 27
173 48
274 975
291 61
992 158
349 367
542 550
690 365
650 966
144 329
544 127
950 138
382 344
907 69
176 201
5 2
379 562
270 647
475 71
812 62
870 332
267 883
786 673
354 767
228 132
547 776
270 417
107 769
38 909
276 697
243 449
506 661
972 922
26 281
542 412
393 267
34 687
330 598
185 297
26 879
743 942
262 615
138 593
657 583
342 209
398 39
551 39
972 120
791 532
646 505
740 492
303 238
643 517
274 416
868 264
907 892
87 756
680 542
44 925
835 476
28 198
171 624
493 590
861 393
677 775
545 581
197 346
127 153
636 625
340 438
951 662
69 715
761 160
923 369
839 957
553 236
149 761
426 926
278 983
923 494
304 382
837 172
386 332
32 864
462 95
547 283
370 578
576 313
922 221
962 798
853 835
984 526
270 833
822 306
92 27
213 193
349 740
387 987
988 782
882 663
563 594
140 641
289 857
676 851
200 108
525 562
306 872
328 816
293 770
440 330
591 273
461 204
581 747
161 240
732 329
220 661
243 300
30 169
399 219
350 623
955 603
456 982
764 201
393 756
821 62
870 507
440 23
920 865
928 316
285 881
363 625
574 809
359 965
661 647
762 113
29 660
869 740
471 840
153 749
226 909
868 300
320 330
359 683
749 479
686 46
843 102
492 72
809 922
361 476
658 613
106 710
108 120
273 213
238 655
667 389
61 174
74 11
792 902
463 159
733 269
532 968
131 977
885 114
978 692
62 699
74 237
148 628
465 664
84 838
732 890
14 937
905 980
729 696
89 793
235 523
997 731
120 129
620 566
324 11
613 395
473 338
742 97
68 112
289 869
769 51
203 731
989 408
760 960
543 481
776 256
988 731
132 612
232 136
622 405
146 584
312 288
266 369
509 597
627 430
60 885
776 16
575 182
812 292
336 245
859 195
369 115
613 976
171 197
502 817
484 772
237 60
778 758
872 229
720 275
235 551
956 541
484 634
433 760
360 552
715 238
273 919
679 267
848 781
8 196
598 185
565 416
318 396
347 851
631 931
227 297
176 421
398 936
737 628
22 852
978 630
445 339
620 455
70 32
684 804
757 234
403 835
300 541
433 132
175 402
45 879
357 557
69 121
396 415
89 603
220 251
794 6
44 425
816 466
706 986
832 902
997 622
633 374
563 748
267 27
509 68
456 80
774 494
870 71
926 309
709 203
68 197
220 392
383 972
906 769
546 504
965 482
34 196
119 159
148 76
974 80
445 670
29 863
466 923
907 262
950 376
312 316
612 335
902 255
704 786
262 862
601 762
808 956
881 346
664 384
631 466
85 442
468 566
158 430
161 410
15 35
878 121
865 942
517 877
510 925
904 382
388 151
995 156
877 959
204 175
961 492
834 18
588 5
900 153
568 41
861 764
346 603
576 628
761 568
231 420
322 448
434 134
625 153
790 555
717 713
459 729
503 560
911 729
367 663
329 309
365 140
539 134
505 468
566 897
36 948
218 819
634 123
376 359
620 186
987 857
810 750
102 268
754 899
404 918
335 190
624 411
547 190
228 577
338 1
750 923
537 421
593 743
76 540
58 115
573 656
997 868
779 49
46 528
685 967
941 349
324 353
955 449
205 34
315 622
30 407
108 947
869 925
471 355
642 525
613 54
81 493
231 436
950 759
73 769
555 133
360 675
636 488
484 845
623 210
221 878
113 941
440 235
320 577
122 981
564 236
553 340
535 957
96 972
9 971
683 775
886 770
243 828
725 384
780 994
476 529
347 923
564 714
939 703
465 768
463 789
675 917
819 57
2 392
259 186
266 706
92 720
933 422
26 194
945 280
653 39
823 891
913 826
861 132
754 852
406 153
979 73
961 598
232 834
672 559
123 783
991 918
23 896
993 596
466 31
949 658
435 808
149 986
390 284
410 502
49 158
309 740
375 615
715 830
310 246
832 626
764 629
980 682
966 909
94 932
13 247
261 291
9 474
485 197
241 417
459 502
646 926
519 164
578 608
264 744
105 306
345 451
128 407
242 77
932 148
777 814
405 629
890 673
781 782
108 550
18 314
716 293
963 759
607 298
43 917
924 826
676 303
930 391
793 746
109 396
380 124
844 193
826 596
853 367
743 973
688 605
337 513
70 633
364 862
660 723
901 151
136 111
1000 366
287 277
456 780
308 309
740 272
298 271
577 294
290 891
170 709
759 133
887 368
464 938
730 445
535 276
791 133
278 295
465 876
303 848
344 159
405 672
848 735
558 990
631 764
779 991
176 616
283 268
412 936
878 847
519 913
405 273
406 202
101 674
654 476
896 704
328 258
258 501
97 91
157 737
288 836
185 744
121 168
477 272
611 963
387 536
979 978
698 950
736 237
699 298
866 608
617 702
465 441
870 892
345 867
813 184
301 868
713 380
936 541
385 265
651 50
328 813
2 562
955 408
744 469
67 72
765 33
884 401
925 209
267 523
882 206
989 810
792 154
332 243
121 281
752 686
751 976
274 180
203 870
366 438
186 536
461 418
670 302
674 821
954 570
986 133
522 865
686 980
670 441
123 60
489 826
113 198
757 693
204 795
982 494
70 756
770 726
95 798
592 372
408 907
286 940
806 189
112 9
995 990
463 860
505 78
506 241
624 948
992 584
810 489
489 785
136 760
65 310
653 909
819 93
43 675
59 464
101 885
148 370
36 992
697 810
774 818
942 4
49 363
804 493
805 820
352 420
940 733
443 95
717 957
672 599
733 50
439 139
336 616
559 746
232 553
874 126
845 553
962 839
103 367
932 367
58 92
370 282
461 945
854 968
358 315
965 481
845 779
662 451
542 885
428 333
877 634
419 530
115 387
396 770
898 732
648 695
132 488
720 621
746 498
640 11
553 894
991 74
988 603
831 63
725 536
159 882
237 142
455 219
152 883
722 538
263 720
269 201
640 297
895 155
165 322
807 919
646 275
482 454
321 76
928 212
930 574
806 213
347 656
520 318
178 862
291 645
643 440
471 883
887 395
781 282
388 583
378 105
737 550
648 465
316 167
875 530
448 23
681 47
258 232
226 148
227 725
174 940
231 133
3 68
848 679
232 984
58 152
725 235
681 457
149 335
606 221
250 496
418 708
165 585
757 495
315 52
799 270
693 791
180 894
453 334
461 883
224 677
798 434
157 212
512 631
175 657
417 501
309 655
880 581
671 81
755 992
920 331
663 557
119 665
138 392
215 170
641 55
359 471
906 949
676 543
751 197
494 86
556 53
719 667
775 213
467 966
806 565
552 916
241 277
739 530
833 585
711 616
488 506
199 404
517 831
773 325
207 953
480 782
544 627
358 867
288 68
517 832
151 582
912 172
248 949
648 334
329 992
544 337
279 271
782 207
86 232
805 342
199 75
769 960
574 109
886 771
302 432
126 660
473 774
244 711
708 779
869 928
1 884
228 771
226 201
248 625
14 262
342 659
625 277
442 529
761 309
562 318
448 226
642 358
645 625
44 588
995 756
231 62
83 94
491 853
196 294
54 49
189 426
844 806
888 398
858 810
270 980
676 127
805 605
883 405
331 970
560 912
138 330
802 949
896 434
471 194
328 84
332 516
647 191
116 147
188 544
851 352
412 865
673 576
379 611
327 771
715 817
99 864
560 254
228 836
237 530
119 969
559 881
581 745
379 321
796 674
517 625
594 356
833 676
247 334
375 821
506 580
33 444
751 835
273 621
220 518
5 190
706 231
854 333
108 551
328 639
579 230
379 28
696 970
623 241
522 842
961 314
514 978
817 830
181 703
520 359
316 922
128 947
928 28
394 680
986 782
809 783
801 102
187 943
614 970
868 302
579 917
598 147
505 192
51 204
415 599
701 154
588 28
227 41
981 363
822 801
763 107
165 862
331 426
478 303
889 388
163 373
383 406
240 151
813 755
413 741
322 858
641 514
469 665
781 923
387 526
339 133
430 812
602 773
567 821
425 590
990 420
477 367
261 834
961 674
840 269
201 373
385 110
560 956
79 380
580 311
413 952
56 747
557 33
940 943
390 392
428 219
341 726
126 871
984 923
699 176
59 849
358 751
274 448
959 371
119 502
603 397
234 568
327 517
312 290
356 107
399 412
731 97
39 102
445 971
372 733
835 223
712 402
728 315
459 795
376 912
817 713
488 321
17 733
345 248
493 976
440 164
226 845
333 615
523 571
105 728
390 49
72 393
528 568
424 407
672 206
618 774
863 56
421 21
961 32
127 381
771 291
847 596
630 166
300 761
501 136
799 721
767 774
655 349
948 457
326 45
678 214
412 198
443 771
316 115
601 491
88 210
624 4
398 601
662 698
990 215
793 569
921 492
818 92
197 417
201 934
199 599
261 900
413 713
402 466
343 520
898 119
476 111
24 536
888 343
211 490
763 681
98 453
931 997
409 979
119 455
489 157
538 944
187 194
297 774
634 537
103 366
486 370
903 984
92 221
557 5
85 772
160 677
62 183
981 579
955 310
557 150
544 795
745 142
566 108
237 986
261 378
172 843
929 192
949 141
604 814
475 794
955 532
974 368
66 373
525 858
674 116
307 581
219 273
911 279
492 462
311 906
113 903
578 331
35 988
90 401
678 412
271 196
221 953
402 117
151 473
773 2
904 207
62 219
744 910
156 4
56 275
155 452
290 817
844 488
460 481
958 352
796 75
987 853
655 256
821 552
53 606
917 809
735 86
57 667
611 92
260 792
524 637
1000 581
507 567
149 512
496 292
942 327
451 744
933 384
610 15
829 239
257 976
184 880
645 685
942 33
615 869
180 415
754 897
116 399
483 953
745 558
908 75
175 547
3 498
379 127
512 584
16 775
22 301
280 956
957 990
45 132
709 173
457 612
928 855
154 228
413 785
953 260
884 308
703 720
998 276
158 95
838 940
932 610
295 162
722 330
969 851
543 328
252 29
401 587
533 482
972 774
538 934
956 372
484 722
34 827
902 984
113 978
80 37
797 94
530 443
323 459
966 352
239 27
470 261
276 595
546 760
703 148
321 190
195 645
182 275
623 333
317 426
692 74
861 685
164 547
368 462
501 302
892 401
626 325
865 539
864 411
430 952
725 127
874 859
431 132
841 483
70 991
843 349
539 100
889 495
266 704
516 684
1 533
537 587
934 967
477 104
98 383
316 426
952 243
988 404
495 900
426 925
727 825
999 52
732 913
434 748
809 392
371 315
797 811
173 17
147 461
590 738
277 19
25 42
462 17
618 171
746 996
658 480
548 178
457 951
558 495
709 129
841 793
381 48
291 312
440 734
554 17
850 985
338 715
48 35
266 102
529 692
354 815
10 99
569 752
533 405
39 236
521 629
90 132
53 48
702 804
238 116
699 994
996 160
462 636
67 140
399 85
885 900
617 318
270 687
520 75
935 148
868 201
651 549
492 165
862 211
863 438
331 97
497 377
226 793
449 254
288 188
273 936
536 978
277 800
4 40
563 315
179 2
610 866
161 908
607 83
458 70
791 904
545 614
322 697
839 892
553 19
888 606
610 238
527 547
72 555
73 246
572 136
700 437
342 635
611 882
265 251
278 7
207 103
926 915
644 668
900 550
419 532
581 231
339 132
228 199
620 787
932 407
650 928
297 664
27 547
250 664
948 985
676 388
955 79
352 248
150 303
842 503
465 214
898 293
793 9
383 15
244 348
817 268
909 756
718 124
828 900
152 93
542 174
46 953
51 849
34 897
826 165
315 913
703 889
542 57
726 458
48 301
478 186
198 883
532 119
575 179
684 175
393 119
458 599
510 868
494 361
596 785
764 95
213 463
910 351
512 154
507 238
570 896
256 600
501 452
768 419
753 91
277 979
682 959
673 378
787 238
881 255
576 619
544 237
624 740
269 160
437 986
39 570
924 476
585 604
488 364
993 467
40 199
368 244
957 388
118 896
84 16
395 615
692 983
141 119
109 579
849 992
792 997
1000 776
984 397
424 909
14 518
478 411
823 308
653 109
430 222
129 305
295 740
79 61
870 792
270 994
184 265
588 290
231 807
368 400
684 363
496 852
63 638
306 717
163 172
880 682
93 691
258 616
975 84
414 127
898 440
225 596
707 824
580 612
103 591
417 186
129 878
210 403
637 24
88 708
54 288
774 41
557 439
981 539
712 288
967 536
310 585
7 555
122 589
284 428
748 649
747 998
787 447
494 261
260 453
891 243
523 515
365 232
246 277
30 634
14 159
709 474
860 829
294 959
276 670
887 20
445 33
304 955
978 321
587 504
507 836
554 3
863 31
23 324
445 402
139 843
178 815
308 670
221 715
973 860
431 397
724 294
196 927
527 837
89 361
715 493
93 305
370 918
245 118
302 231
217 461
438 999
978 97
4 405
705 288
619 230
925 827
273 444
331 706
301 486
999 19
893 524
749 141
13 306
785 281
440 886
31 487
427 528
944 646
845 634
193 8
594 826
371 207
558 97
304 180
444 8
880 583
755 817
478 800
745 335
600 582
72 63
515 511
811 596
885 619
423 377
491 697
2 585
635 761
542 855
101 13
266 466
971 667
167 918
355 654
832 481
967 586
310 954
829 906
756 670
793 396
85 490
160 799
488 508
553 856
167 857
217 200
339 659
850 566
835 150
824 229
789 553
423 645
330 937
378 326
755 639
218 303
928 895
367 642
13 944
711 281
576 548
683 888
740 383
864 751
142 223
605 996
386 661
114 558
723 676
946 381
621 189
990 114
882 555
296 154
834 524
545 601
508 957
680 800
628 926
460 740
227 755
230 662
502 427
16 408
805 232
519 942
342 722
389 368
761 164
852 85
410 160
503 823
328 489
182 452
936 232
59 139
704 68
777 913
303 524
765 31
554 714
701 681
989 117
656 118
768 592
180 406
419 144
828 300
680 267
777 663
172 95
193 924
870 413
29 659
232 257
800 365
975 626
228 213
928 739
11 313
877 576
803 293
346 184
756 323
3 941
315 911
228 164
488 73
786 528
113 876
885 833
494 227
737 774
479 885
150 831
545 479
817 594
584 291
364 699
825 63
152 655
449 657
750 3
398 404
381 740
541 60
342 986
947 765
920 669
739 895
152 941
835 933
8 747
19 319
406 653
389 977
585 726
711 146
256 778
961 203
356 747
765 785
933 101
862 149
630 145
268 452
884 612
575 897
1000 813
801 844
107 69
790 304
528 367
555 239
966 401
606 952
15 471
828 466
386 189
775 693
728 806
488 715
71 545
639 48
328 148
644 556
577 583
283 988
179 671
16 521
828 304
242 251
376 239
595 148
98 501
72 119
181 315
399 500
884 254
512 351
486 438
569 674
492 695
295 148
428 507
923 439
803 705
86 874
158 295
329 999
717 12
111 269
94 455
228 47
998 575
731 400
859 199
787 418
271 125
590 341
521 370
498 853
464 333
691 574
798 870
590 452
96 792
501 451
750 142
915 439
990 665
458 310
991 224
316 952
227 79
48 874
126 835
108 442
382 681
878 306
810 178
8 200
395 696
544 325
658 126
930 763
382 568
40 825
459 817
282 794
725 54
938 770
939 362
434 113
113 438
23 1
710 325
602 594
435 425
331 584
259 247
563 933
237 416
273 471
404 527
560 749
944 524
819 380
359 143
306 281
453 198
555 930
827 857
776 521
714 948
597 703
656 47
15 804
828 357
154 788
83 166
637 723
345 979
381 442
901 852
560 858
172 400
817 77
34 337
477 598
751 460
475 193
2 755
885 406
485 56
379 557
984 889
94 976
992 324
702 659
777 568
617 953
618 386
195 111
287 647
884 321
647 423
280 239
565 810
87 58
368 536
495 337
526 703
319 903
176 415
86 886
124 61
381 586
254 680
882 241
646 244
65 905
503 91
379 105
756 601
492 351
170 471
270 10
109 226
22 699
811 354
575 261
778 633
174 614
468 903
985 844
435 118
772 95
443 579
118 195
340 185
195 854
625 157
472 419
524 639
508 922
911 549
92 601
614 500
611 175
867 313
444 222
83 262
959 745
986 649
257 933
615 796
527 538
509 401
491 874
753 531
738 169
206 499
170 845
642 419
663 475
483 955
504 126
659 924
127 804
590 644
665 243
645 845
153 7
724 842
798 433
763 804
177 441
509 100
621 751
137 539
582 427
146 859
814 285
543 20
525 521
968 122
950 62
437 153
650 298
688 105
858 393
189 725
34 87
437 10
705 356
973 72
370 31
270 34
764 819
447 97
51 648
789 854
320 679
47 700
428 594
674 150
161 457
518 15
332 54
692 310
176 523
702 203
264 633
66 121
764 384
782 291
658 277
165 355
238 2
406 631
653 526
104 331
36 528
273 962
901 192
299 626
47 240
873 665
621 43
252 562
312 647
296 268
23 363
243 945
506 197
588 779
537 815
428 558
890 47
801 566
133 985
691 163
654 341
896 841
54 609
737 801
349 59
210 867
463 55
981 438
931 833
314 837
6 663
244 134
245 410
893 559
343 562
110 811
148 460
496 959
210 901
836 977
158 765
586 248
515 316
612 888
784 203
676 969
200 2
988 43
345 134
846 441
206 24
219 159
167 855
722 10
160 751
785 832
181 343
629 585
177 528
789 405
698 466
365 22
314 475
850 761
501 859
66 264
543 302
858 284
217 652
381 3
328 531
144 622
760 758
959 62
163 117
391 578
802 487
307 959
747 185
825 62
932 870
96 654
406 817
557 527
906 281
158 490
198 567
569 65
259 668
789 588
373 563
64 648
810 76
4 923
846 646
151 980
632 782
782 174
531 106
880 312
532 401
446 61
374 54
150 374
913 222
880 407
934 180
130 950
79 743
544 94
446 530
640 929
420 137
900 371
248 400
924 361
278 170
554 909
114 642
645 594
150 80
541 641
896 708
37 482
370 641
317 594
179 625
698 963
865 82
211 320
512 899
514 336
419 143
928 947
429 282
267 67
875 758
489 55
884 72
997 855
524 169
16 976
881 966
183 348
629 956
664 972
280 101
62 360
963 232
600 686
944 139
194 806
301 514
124 427
272 776
100 396
780 752
15 421
533 280
251 533
981 758
798 980
102 444
129 595
542 473
601 899
104 229
285 848
739 781
742 640
781 528
412 85
605 972
477 633
795 924
905 204
523 653
49 850
428 975
94 226
60 438
351 209
958 331
781 498
783 356
770 581
312 703
852 825
838 380
674 757
415 709
108 89
916 810
331 506
938 686
297 318
16 338
397 203
553 13
457 416
94 898
406 123
877 627
35 351
865 156
260 724
944 525
875 39
749 514
608 762
934 668
323 13
306 489
954 333
221 218
561 357
337 935
270 915
197 849
663 660
461 988
297 779
617 670
447 281
859 713
107 620
825 585
223 870
958 751
742 6
409 754
376 891
747 412
968 95
716 933
129 243
479 537
11 243
158 102
622 459
162 125
592 746
607 969
16 733
778 83
555 101
816 881
935 484
747 843
414 942
129 526
498 231
685 529
462 954
708 950
656 793
286 745
534 862
338 995
923 158
123 111
159 783
473 12
420 525
97 195
721 342
833 316
780 663
179 350
667 219
750 171
293 490
322 426
105 842
871 411
442 807
282 972
959 522
832 127
577 81
890 8
253 728
786 319
597 911
583 172
571 556
729 489
204 767
603 86
193 586
508 889
328 463
553 250
184 883
251 952
758 813
170 842
192 270
692 715
107 413
98 554
358 110
309 538
958 11
842 213
390 309
625 826
720 750
949 603
239 191
759 820
305 429
72 432
509 837
310 158
150 567
100 358
394 237
161 238
732 355
309 478
347 135
497 790
318 260
780 553
910 584
103 706
87 217
586 744
73 955
494 197
242 34
542 119
122 764
294 539
12 786
713 747
971 507
349 313
636 485
213 276
180 67
697 95
350 919
761 780
883 432
242 46
393 286
639 791
913 471
968 646
623 334
262 558
496 135
980 397
389 874
378 183
394 688
161 667
951 808
590 739
479 471
981 113
611 492
80 612
62 468
361 809
1 840
44 810
134 976
288 138
415 669
36 838
454 445
237 799
991 783
302 1
969 260
552 252
53 849
865 363
475 162
919 114
305 956
788 831
59 141
957 684
121 180
931 977
490 3
400 807
609 223
885 186
337 508
634 378
728 763
491 631
607 589
23 265
379 758
641 373
788 652
805 554
24 369
868 594
560 867
723 433
427 796
559 543
998 213
1 71
385 288
175 919
180 739
312 411
646 768
958 566
998 311
472 673
203 531
294 430
212 803
871 652
933 717
602 311
645 697
946 840
655 784
672 270
897 472
129 630
84 339
868 101
480 814
357 27
963 843
602 137
547 520
679 63
114 287
316 551
597 402
579 891
757 969
613 664
963 617
857 238
606 467
98 218
812 898
726 984
2 624
35 759
934 181
791 788
888 899
106 231
278 375
359 310
877 309
296 120
648 493
26 257
687 84
743 577
710 351
808 211
397 64
577 394
687 197
247 754
412 933
89 720
953 939
40 12
559 511
230 259
124 770
509 344
435 621
673 928
408 415
779 688
961 565
391 669
508 528
490 103
788 578
742 313
531 574
340 549
159 35
385 489
244 441
120 135
710 682
987 467
805 718
76 722
25 180
813 179
675 46
237 609
328 963
357 663
348 286
44 7
279 872
512 337
328 850
572 557
685 778
135 361
104 953
121 893
565 724
126 428
164 201
518 69
243 447
669 167
503 113
74 947
453 111
413 282
622 104
933 963
660 781
891 89
13 613
677 462
60 877
386 569
248 864
943 271
1000 335
29 475
639 700
426 519
329 545
436 451
136 692
304 865
601 205
430 289
178 774
645 258
5 739
65 408
156 881
636 754
623 725
31 602
136 765
340 389
715 339
790 355
884 634
61 317
282 58
447 836
247 726
693 900
313 516
956 206
80 985
121 131
728 917
359 137
822 547
549 169
314 890
134 63
483 897
709 994
913 662
842 308
37 534
221 217
742 293
12 340
487 698
442 9
461 987
228 570
524 255
926 319
619 315
606 583
720 658
884 173
977 261
29 680
176 36
803 385
988 899
556 755
771 716
464 126
889 691
65 776
134 143
943 583
983 510
650 249
281 890
856 942
485 506
582 920
752 719
470 390
769 733
845 330
132 267
541 113
564 278
692 451
431 281
397 729
398 82
91 972
810 114
367 619
170 469
317 386
464 698
483 102
708 597
72 875
312 894
830 192
725 502
52 832
787 783
957 615
795 232
691 427
270 55
227 331
340 42
461 775
161 841
71 330
697 623
423 592
663 134
575 586
524 712
598 441
107 126
736 622
4 400
408 569
728 962
89 520
532 910
205 950
813 311
961 588
598 667
698 521
236 568
836 178
68 257
684 699
461 878
707 618
923 569
908 435
234 184
609 412
974 148
427 819
902 360
504 350
33 728
931 227
951 252
851 312
120 302
379 459
965 448
791 704
974 32
455 660
26 586
110 312
975 520
785 900
384 827
370 108
651 863
603 102
53 73
381 620
664 482
540 589
668 442
60 682
702 201
5 103
298 243
815 554
137 183
377 538
971 216
227 245
612 222
43 845
783 185
587 264
218 477
441 191
38 64
759 14
743 645
877 191
326 335
638 955
792 659
522 516
853 54
781 313
32 792
145 31
383 155
274 701
972 420
593 921
944 793
563 193
657 132
363 103
970 197
588 660
424 225
727 983
586 437
209 932
611 858
880 58
430 170
914 527
643 87
867 565
118 745
283 580
947 493
362 55
110 809
130 209
25 445
889 190
488 609
572 949
920 398
666 190
815 954
816 367
466 168
230 209
16 871
474 687
805 553
974 240
673 853
944 387
859 816
544 940
580 254
712 14
486 393
492 846
6 96
264 543
372 544
963 159
836 407
981 319
603 420
17 825
716 637
988 762
94 825
816 939
543 296
158 206
633 828
346 54
829 939
997 245
967 989
418 506
904 429
498 812
82 943
927 687
911 42
345 231
646 69
761 815
616 102
34 573
990 672
991 137
43 681
302 614
855 590
824 342
600 29
367 865
957 154
32 181
70 797
722 912
191 727
892 544
624 910
715 473
643 260
58 812
131 56
28 635
853 443
467 240
585 565
397 165
865 261
95 408
373 230
410 16
254 315
771 121
672 722
305 991
306 368
453 239
516 451
862 326
631 536
923 451
942 93
983 691
913 681
589 728
326 902
743 83
603 964
909 957
567 161
749 759
25 10
337 360
879 736
681 951
375 577
30 164
698 146
419 495
771 578
78 176
214 432
91 39
628 198
889 662
22 653
732 292
181 218
128 474
203 574
850 731
526 678
124 20
930 195
775 425
446 97
971 386
475 723
766 360
425 298
686 879
270 130
570 908
185 362
369 197
332 463
298 203
449 45
548 987
403 652
227 112
339 522
1000 688
485 776
703 398
429 517
781 496
709 45
490 629
450 874
779 787
283 448
527 877
415 711
911 706
107 727
94 2
169 489
667 102
670 504
468 179
704 334
770 869
164 212
348 665
576 188
829 198
500 332
1 593
790 211
443 996
852 392
804 491
275 799
55 394
979 7
407 758
345 935
567 788
845 594
222 531
250 696
552 354
515 374
665 133
72 613
353 689
410 552
380 750
987 318
496 46
201 485
664 971
516 852
367 464
561 69
51 915
272 584
916 225
366 792
314 191
506 935
650 388
979 560
189 970
142 536
253 299
867 958
647 305
229 770
376 714
768 246
218 53
576 936
848 420
212 971
621 657
911 253
535 801
755 503
425 262
882 750
711 416
489 911
644 367
539 595
243 696
446 383
826 109
652 801
765 776
2 635
51 154
401 63
972 306
477 716
361 819
164 490
444 82
80 521
361 988
312 634
72 649
948 426
805 111
878 559
955 358
120 661
412 639
931 729
102 436
799 470
620 177
912 250
514 322
511 352
884 718
162 695
814 241
947 400
904 867
934 702
258 439
98 694
196 351
804 767
606 774
590 651
992 150
849 627
461 877
154 887
449 877
914 861
827 68
471 165
811 584
174 942
867 980
279 802
414 95
401 812
872 729
907 458
897 208
576 171
604 807
843 601
327 712
630 803
132 458
246 568
11 511
842 975
756 521
812 747
579 240
781 884
985 579
772 649
129 665
413 506
652 999
778 294
464 396
363 538
357 753
95 995
53 19
136 122
321 34
48 934
806 235
591 927
501 297
527 135
164 447
41 460
425 941
423 654
231 449
250 827
524 794
212 18
965 700
752 7
628 922
330 101
563 113
529 65
344 825
589 977
511 183
519 938
464 403
835 901
141 268
842 107
515 3
549 185
779 662
193 709
892 961
239 398
957 539
196 435
476 578
474 573
435 817
70 297
884 960
23 526
229 309
746 993
968 443
343 301
471 216
932 350
64 628
884 560
417 260
146 954
932 685
650 378
651 15
10 157
618 610
855 295
253 497
626 621
572 960
7 824
216 825
512 486
752 987
125 183
327 543
272 815
354 667
157 124
930 188
536 27
117 872
209 277
375 160
947 547
475 591
877 862
310 565
829 539
464 357
17 747
458 399
298 212
564 207
88 640
969 793
881 69
679 142
538 102
176 982
714 559
217 77
825 398
226 901
561 399
173 650
305 530
531 220
36 646
165 102
772 18
921 760
832 301
596 446
613 632
1000 627
711 31
621 543
2 389
554 854
705 194
745 941
905 512
326 74
257 625
870 535
908 816
396 28
128 706
425 564
338 800
67 983
838 64
895 49
254 395
115 963
704 164
779 690
288 859
124 619
314 983
779 259
239 367
968 328
107 756
932 483
609 106
992 94
59 905
408 191
390 499
263 3
727 574
874 30
798 613
470 589
337 375
492 928
310 58
629 776
722 90
480 273
524 164
655 690
432 148
289 893
314 152
98 819
618 426
105 245
33 368
81 856
721 931
637 997
312 756
987 96
592 656
186 705
970 275
601 742
618 332
910 518
710 411
532 124
401 534
534 966
350 563
5 156
388 788
968 994
878 101
901 466
26 828
246 659
428 676
602 107
214 125
507 229
826 627
482 317
178 546
694 143
769 913
973 695
902 599
299 558
653 595
191 532
198 304
973 546
577 217
527 255
752 353
628 828
579 516
783 406
829 84
929 561
876 81
89 268
689 269
438 540
330 189
95 511
23 114
117 83
796 946
746 613
670 911
857 644
698 640
515 970
387 351
989 535
841 152
714 406
382 248
681 359
40 377
297 319
110 742
628 359
396 152
124 518
456 88
979 868
124 629
604 399
84 545
633 489
119 690
439 781
309 342
567 854
507 325
90 807
362 704
737 500
3 856
357 459
785 926
237 869
203 989
590 155
987 81
397 277
778 33
447 222
432 621
472 522
470 21
471 708
57 974
630 887
737 796
904 407
578 722
850 591
82 997
302 850
161 402
626 230
987 561
13 566
658 301
507 129
74 145
274 34
94 419
303 355
742 675
455 524
325 629
640 735
164 565
573 499
619 657
854 216
639 594
855 625
552 860
402 273
645 211
139 846
341 364
978 510
204 532
776 237
407 81
112 187
993 262
350 389
297 287
266 726
586 415
804 298
273 294
554 945
974 734
923 364
763 621
411 432
98 705
681 306
157 817
752 735
144 420
823 380
951 427
185 696
771 193
217 814
422 464
617 605
528 58
432 495
15 772
913 624
989 52
723 41
969 169
561 23
963 391
376 811
250 844
15 986
931 229
954 390
148 249
557 99
300 460
618 83
279 462
755 459
949 969
642 995
628 136
831 277
559 858
104 868
820 602
893 60
877 599
287 615
552 524
370 27
869 51
356 90
789 850
441 956
108 570
952 304
976 86
319 820
602 176
195 762
754 87
904 258
332 450
122 989
345 58
293 314
317 420
501 391
122 844
300 206
456 792
887 503
725 392
765 919
511 963
807 662
41 51
44 918
377 491
285 680
731 920
592 450
687 957
464 853
396 234
415 670
917 952
226 179
637 851
90 627
654 345
822 975
42 789
349 55
153 852
154 7
763 521
891 572
225 393
714 95
527 117
22 118
723 231
373 290
283 191
899 368
775 733
338 74
196 444
385 27
633 327
997 686
546 598
396 701
550 794
93 837
349 763
870 7
733 789
935 761
827 464
337 44
148 217
231 584
713 473
626 618
698 111
664 179
521 750
349 925
618 454
746 275
621 885
315 376
312 269
350 709
846 206
632 342
116 559
565 878
323 143
108 911
159 541
38 934
20 181
403 39
788 994
742 958
153 642
988 932
142 832
901 509
207 922
265 411
468 630
674 809
656 868
911 52
535 872
807 967
510 989
907 115
5 89
78 641
27 433
912 857
14 169
171 258
991 139
170 427
602 438
680 596
843 896
186 391
408 951
761 527
905 293
49 955
144 913
970 261
473 875
570 699
97 919
356 656
2 386
517 353
762 18
529 403
801 726
930 946
970 231
771 490
511 197
573 74
121 123
236 348
141 877
421 702
885 121
44 559
49 327
965 945
164 544
841 227
419 85
93 22
596 115
947 459
383 765
990 431
480 52
334 403
874 140
805 634
79 325
392 773
965 356
694 290
641 342
111 852
253 371
742 30
465 450
695 348
525 764
747 436
756 398
495 90
607 943
461 22
707 834
674 393
413 211
215 107
573 833
371 857
393 927
855 443
396 790
551 930
293 958
42 382
137 386
381 417
493 167
111 264
358 851
142 860
454 530
751 984
556 794
103 785
541 106
816 695
247 73
204 403
398 117
513 989
799 487
172 674
145 283
51 275
806 161
117 4
798 517
269 329
198 305
825 425
574 44
79 598
373 821
190 725
360 672
677 301
291 638
888 930
649 836
634 138
457 475
807 559
908 692
459 645
355 500
377 12
231 153
639 364
687 857
217 507
491 244
476 320
174 11
510 859
69 223
974 604
454 267
704 18
121 128
647 672
550 753
19 907
559 305
84 867
140 909
847 6
903 368
372 166
559 754
543 595
780 253
713 38
788 720
435 872
316 544
758 534
286 157
822 499
456 168
702 773
759 812
817 209
775 655
125 28
896 224
275 733
209 33
561 212
69 29
29 854
121 685
674 429
824 514
240 209
372 538
431 599
453 807
717 90
730 999
20 365
167 206
171 139
7 545
66 511
468 575
90 489
403 460
415 865
938 74
920 721
995 183
869 722
281 921
85 163
801 338
436 307
739 186
976 280
959 929
731 526
942 247
69 512
855 737
759 316
958 41
757 947
848 625
784 649
714 838
843 182
559 82
410 39
433 334
861 774
109 545
130 422
956 126
278 86
433 950
335 99
433 223
895 123
588 593
827 779
851 616
83 107
434 826
304 332
396 436
514 243
1 220
735 153
63 698
799 246
358 98
959 954
625 685
497 718
663 327
339 307
840 332
34 287
505 830
850 93
512 766
861 379
699 128
292 554
295 373
483 749
608 68
857 30
345 716
998 515
595 960
389 257
599 549
853 932
641 184
589 290
428 210
137 329
690 935
177 342
6 421
281 682
191 107
543 710
341 858
33 25
952 305
551 251
147 17
845 410
631 393
1000 93
218 134
441 669
172 731
881 95
732 509
703 226
317 419
91 602
517 106
921 881
95 114
316 893
407 150
134 682
798 605
378 34
956 845
518 588
833 62
748 175
2 447
68 904
114 955
351 954
779 861
653 892
445 849
513 13
456 582
827 585
442 537
294 526
540 669
563 115
486 870
857 850
788 852
809 215
540 321
641 829
361 728
348 37
254 508
625 760
954 414
390 791
228 671
335 869
936 780
3 471
104 956
617 713
716 779
453 443
281 330
284 959
102 914
763 948
323 963
845 890
24 484
903 94
923 804
603 264
306 798
579 291
63 146
4 588
702 575
461 339
565 877
548 637
789 125
57 62
292 26
705 634
8 662
341 894
983 419
783 634
128 764
814 648
592 99
275 209
944 601
69 789
895 665
398 9
167 500
705 821
189 156
209 582
695 451
308 318
346 617
990 822
297 43
503 850
118 157
534 967
622 797
736 860
551 291
352 597
687 995
688 771
505 185
605 566
865 425
387 71
784 721
748 34
126 410
74 49
202 74
204 684
634 73
465 517
68 422
529 188
288 750
789 386
476 131
650 984
379 840
452 916
914 641
935 847
298 209
997 624
192 354
955 68
684 382
701 568
764 56
690 299
716 815
272 464
182 119
27 492
813 175
851 260
424 550
607 835
776 943
432 869
876 864
219 111
402 581
699 825
542 145
55 562
910 516
622 274
644 878
23 919
111 267
612 300
795 708
299 501
711 552
472 991
270 278
495 354
8 257
504 419
782 365
655 225
234 853
244 27
406 577
542 364
955 972
301 172
498 561
317 491
636 783
564 92
535 621
368 13
777 269
523 785
304 869
421 494
959 610
670 723
505 85
12 382
58 975
143 344
227 672
876 83
269 955
770 864
411 703
866 985
460 810
583 340
804 391
719 308
46 70
165 604
500 109
505 657
287 73
288 889
716 153
326 993
510 296
120 56
690 380
983 961
529 954
607 641
186 175
31 453
378 23
650 673
745 229
963 314
746 182
820 721
68 94
215 153
251 749
747 544
399 327
440 268
96 510
372 539
562 524
860 496
916 450
699 946
871 720
51 547
74 832
954 748
518 37
384 65
1000 98
963 886
748 640
105 386
90 502
510 907
460 558
313 446
830 117
433 641
750 172
878 353
471 917
184 333
238 896
634 804
575 259
246 415
919 653
843 75
511 809
848 995
152 794
193 178
654 33
288 122
51 12
135 459
199 892
863 149
351 833
399 415
743 579
199 851
658 239
865 465
295 978
406 425
102 472
653 936
122 490
49 587
614 583
979 198
490 409
250 188
2 109
370 883
860 636
813 307
980 228
84 785
124 838
895 459
401 134
455 858
611 512
816 488
300 793
339 325
509 141
20 744
702 964
944 268
375 740
709 4
414 416
515 343
771 993
370 420
831 561
119 739
563 579
604 109
845 853
137 622
817 252
452 273
437 227
849 163
64 777
746 317
466 522
363 979
552 946
146 631
954 942
704 729
48 285
871 615
177 639
507 464
164 919
521 466
224 574
837 932
53 85
96 760
336 183
798 785
303 413
255 948
863 309
591 890
346 49
160 244
821 193
795 938
407 288
429 680
916 388
655 78
344 448
87 536
717 897
421 68
956 44
77 546
43 734
27 245
763 207
247 854
680 908
216 186
952 878
655 829
238 527
459 878
705 74
253 181
429 586
688 668
903 870
338 516
752 58
364 304
93 366
135 521
174 977
467 73
140 225
782 784
961 947
818 862
602 203
913 816
329 57
495 908
645 649
709 454
33 813
430 793
586 147
288 818
625 767
631 361
361 505
513 404
680 355
883 412
194 651
174 397
379 653
90 584
951 175
756 5
243 106
904 377
570 449
935 763
262 99
45 369
33 361
441 666
65 696
962 422
375 927
513 80
589 197
510 662
395 200
986 467
454 677
864 955
556 929
460 14
25 543
134 331
160 818
858 137
21 587
960 937
228 385
901 12
985 443
108 318
498 522
544 374
265 379
798 559
735 240
424 276
922 575
481 709
619 603
602 295
471 818
30 626
803 164
331 468
204 606
614 813
796 826
579 698
684 827
939 802
923 185
873 414
64 553
805 339
410 143
623 444
512 891
104 400
880 841
576 114
104 732
796 477
762 357
466 102
585 228
253 878
948 818
35 20
418 884
389 973
163 346
352 240
779 405
106 419
234 252
346 466
453 414
516 892
973 568
211 144
965 499
617 840
447 449
216 873
175 950
327 623
516 914
441 24
224 664
300 293
671 310
826 194
941 556
38 477
397 974
569 389
611 493
932 817
773 371
939 23
550 2
86 988
273 721
113 914
427 328
946 760
693 93
752 567
808 745
350 848
564 174
913 402
731 695
81 251
570 635
292 307
80 259
652 825
912 726
145 185
536 566
652 648
670 577
451 985
32 213
531 253
236 13
113 535
772 241
520 106
465 821
579 521
503 545
269 41
507 546
571 681
52 694
729 293
896 920
70 31
787 581
476 322
519 862
235 237
754 771
520 983
560 740
338 238
568 963
954 484
885 204
796 393
448 961
983 595
819 754
949 687
793 979
779 288
376 163
926 10
712 797
487 689
497 689
921 55
465 403
49 220
172 834
306 709
969 351
21 94
193 451
300 491
138 410
298 818
768 829
623 814
57 483
578 924
431 992
94 874
976 847
759 588
318 274
229 189
232 239
655 945
747 688
401 477
793 440
523 227
47 673
197 470
488 392
517 961
497 5
869 510
392 206
670 225
564 364
494 269
26 799
319 866
401 273
682 20
407 287
982 401
363 451
971 128
170 353
703 345
544 446
339 554
285 592
337 873
327 181
972 302
22 557
204 896
44 941
725 98
139 835
507 593
537 852
644 24
688 972
528 625
433 499
144 874
15 480
518 896
5 595
634 31
818 998
433 332
222 838
304 511
713 729
639 147
328 501
168 158
775 613
154 81
140 988
896 642
902 856
885 944
885 160
527 640
136 843
159 81
770 22
119 845
876 628
490 203
538 925
575 779
194 727
283 778
984 941
767 994
20 975
93 751
22 456
431 791
76 614
521 759
703 731
116 935
120 418
48 399
234 470
767 704
376 64
319 83
349 998
911 319
512 962
459 340
607 536
617 184
986 111
717 205
848 388
316 682
206 626
1000 95
51 431
90 459
592 121
848 19
61 730
78 680
501 531
906 511
814 930
506 379
742 655
648 737
301 181
479 76
96 825
528 7
144 537
53 487
754 308
592 167
350 187
117 724
759 5
373 890
445 93
799 882
781 419
213 225
144 936
754 391
60 372
859 1000
619 527
892 537
124 533
478 174
981 349
678 279
628 998
739 263
44 695
407 999
253 615
969 270
383 484
40 22
135 921
827 72
304 411
984 333
268 62
681 275
476 185
828 454
915 659
351 747
546 883
193 729
512 783
784 36
348 996
954 412
888 74
645 793
621 103
872 893
94 276
659 961
749 853
336 554
139 9
261 630
98 952
119 710
590 901
383 905
870 405
285 257
965 431
90 875
396 926
382 340
422 666
100 256
137 282
68 806
513 87
717 399
773 397
702 573
725 900
854 744
727 90
711 992
551 776
254 664
863 522
25 542
584 299
144 900
181 995
811 116
445 814
122 909
195 731
498 952
800 882
380 436
111 831
28 24
201 628
329 527
419 115
539 396
957 149
311 583
948 328
307 64
914 168
166 261
919 345
758 419
178 239
936 287
899 149
826 927
344 874
571 765
729 146
420 406
224 383
671 735
908 131
812 216
178 416
179 241
510 21
610 447
738 360
850 366
854 324
301 38
70 365
559 731
401 556
20 673
168 628
199 745
560 773
997 848
985 824
664 867
629 901
668 827
369 710
724 623
798 146
380 933
655 901
155 981
542 151
163 614
377 869
189 762
708 239
394 318
877 685
750 453
878 924
271 980
705 580
812 280
700 388
983 321
824 310
540 690
155 724
974 325
857 306
77 647
575 408
687 562
815 489
906 439
240 363
575 489
763 25
550 217
825 430
39 604
688 850
84 315
505 234
303 27
565 436
677 298
933 176
535 732
347 544
60 316
814 397
541 427
250 158
447 234
606 211
308 809
95 362
44 744
173 396
529 124
876 77
35 503
630 100
641 971
861 848
643 5
681 474
187 385
801 977
89 935
897 658
880 886
185 672
434 806
707 743
904 427
861 114
741 524
903 365
962 811
279 567
465 673
362 222
789 134
70 295
849 411
867 814
979 872
563 617
769 250
932 658
184 124
743 919
408 14
10 206
232 306
34 216
879 368
20 923
59 887
958 609
975 653
708 8
200 319
328 884
368 897
350 753
205 50
315 606
707 176
211 929
767 700
881 709
517 959
114 236
828 784
869 108
989 771
479 181
13 673
530 589
323 473
368 766
846 551
7 691
156 239
562 973
431 404
455 498
921 922
114 688
317 13
708 738
160 456
144 589
769 866
679 291
339 666
891 857
676 111
855 738
198 163
753 856
919 610
739 413
815 80
377 444
909 427
213 814
197 361
183 650
616 639
66 576
680 988
255 52
538 294
649 583
279 260
925 818
197 395
947 877
899 395
758 804
779 609
905 830
474 351
672 543
519 611
577 662
427 523
174 260
785 417
515 200
580 482
90 626
73 352
456 120
542 930
764 758
121 620
712 905
715 782
366 846
77 297
855 286
50 739
172 146
465 152
68 963
767 707
129 833
403 158
501 847
152 269
493 546
547 644
440 8
518 7
132 326
354 466
620 681
638 598
385 778
212 603
244 550
602 47
621 257
933 901
146 57
717 814
96 984
912 640
1 935
553 754
646 389
902 531
27 247
782 69
674 594
274 292
147 718
95 140
522 526
763 190
623 666
666 597
957 82
923 46
264 481
326 99
538 395
151 396
340 443
767 508
736 512
496 287
351 581
135 920
139 477
69 148
184 790
280 597
727 819
119 525
184 901
253 348
685 347
796 660
22 340
223 790
780 791
855 333
983 888
903 646
271 684
608 118
736 59
534 354
917 90
828 523
777 751
371 976
723 295
30 221
253 396
146 966
536 322
348 416
42 759
81 27
519 150
256 146
564 656
604 145
916 21
298 812
82 647
266 334
584 477
252 59
536 96
989 730
66 435
319 967
801 76
751 960
823 599
882 49
313 282
885 906
209 409
29 174
947 599
252 281
470 448
274 215
411 560
385 790
354 361
28 546
246 315
375 477
865 851
256 741
8 70
29 496
553 750
535 586
27 211
134 661
831 911
925 775
643 509
203 434
204 969
575 682
800 192
14 382
967 428
787 954
535 296
518 958
74 871
597 991
830 365
781 168
915 167
3 120
277 633
740 969
637 883
675 522
433 139
490 332
550 382
576 197
334 757
413 762
840 602
32 631
605 326
628 665
921 319
814 50
451 456
362 21
664 727
370 520
386 293
261 695
391 52
250 686
470 727
841 961
241 829
917 412
591 53
386 468
390 500
727 565
876 701
591 218
655 148
560 149
31 256
287 682
716 520
272 753
349 454
514 190
798 34
67 52
214 293
803 712
609 553
756 680
523 249
691 875
746 386
693 185
217 995
626 876
699 536
651 669
602 197
398 462
590 418
501 601
854 471
213 469
547 557
494 497
167 260
317 375
636 155
472 192
713 902
473 169
971 230
132 60
338 889
299 549
530 155
658 484
36 592
109 134
442 779
151 865
722 991
192 894
636 889
585 761
13 832
783 364
74 382
463 800
448 7
606 208
843 142
827 517
791 934
45 576
463 209
247 574
895 388
123 628
715 328
311 285
294 597
297 439
282 5
605 313
74 163
6 708
278 57
541 893
672 756
728 581
70 319
453 205
277 383
908 55
784 109
719 87
900 915
723 16
562 174
999 455
487 691
775 950
690 714
548 252
876 673
471 159
897 44
680 460
898 287
495 21
759 808
237 684
153 332
409 762
963 319
436 677
237 322
147 426
93 570
778 200
983 488
217 562
90 800
306 805
60 968
132 589
604 857
882 151
59 596
674 22
116 611
7 908
113 803
366 495
744 219
74 990
522 515
830 489
482 363
469 95
713 977
865 810
77 682
121 746
692 121
532 482
237 420
701 501
557 965
61 918
961 104
564 51
94 100
783 211
74 259
38 430
873 106
703 424
498 427
251 505
520 8
596 499
779 821
728 90
66 577
236 273
148 723
24 929
614 634
230 371
965 996
527 621
715 709
952 657
844 935
108 64
853 420
278 965
819 841
129 363
187 29
704 225
174 261
358 102
89 335
418 843
280 792
610 865
837 476
841 446
162 324
453 451
201 314
789 153
220 955
547 75
219 138
954 75
718 224
465 14
138 444
357 8
343 101
675 582
427 982
300 344
124 372
349 224
16 687
220 647
494 98
77 10
258 868
137 333
66 317
984 476
762 65
564 467
952 309
440 9
42 453
243 636
794 884
137 47
963 855
912 995
290 535
256 619
129 659
463 676
45 706
108 725
270 124
212 867
333 548
106 816
316 417
739 218
43 825
958 440
808 449
447 921
815 134
766 880
840 571
477 859
967 344
914 356
270 296
75 800
149 553
683 673
297 382
779 942
138 816
70 101
509 475
150 77
136 523
782 646
72 905
288 710
606 970
476 187
266 512
887 935
868 115
241 903
183 60
311 107
921 211
98 596
427 630
410 328
907 557
183 173
242 555
467 826
387 952
580 455
489 66
845 997
375 634
46 718
488 774
851 810
71 905
185 810
171 267
254 626
816 68
875 547
949 808
487 985
146 967
826 37
404 499
650 503
447 63
972 718
332 579
66 257
715 529
381 408
424 987
584 756
502 692
689 155
882 46
954 675
574 840
556 819
316 584
744 19
29 173
946 616
927 660
345 232
971 364
997 464
216 379
997 461
458 280
324 796
635 72
139 221
364 994
645 133
424 279
118 145
938 201
108 479
571 785
994 408
354 59
856 425
729 93
160 352
142 304
715 478
95 368
408 858
580 976
895 217
364 279
24 874
866 49
259 220
143 831
365 891
448 841
586 35
236 744
440 841
330 357
168 344
852 482
585 233
348 65
535 239
941 212
10 502
232 570
672 951
802 634
505 618
705 567
328 237
491 587
315 505
64 551
413 908
34 323
401 972
823 65
538 979
188 728
301 855
655 696
379 539
879 350
224 812
647 36
975 683
135 464
802 207
989 539
721 933
522 222
25 990
9 481
483 438
814 606
417 4
916 42
494 26
3 686
423 42
831 185
543 757
565 845
930 218
46 211
915 882
424 951
260 325
240 873
858 104
548 748
454 535
327 287
934 269
174 735
223 350
373 621
321 194
379 52
750 37
381 670
829 682
77 645
100 890
194 358
683 813
955 960
115 8
48 868
583 780
285 585
397 399
715 156
957 183
477 786
23 426
630 164
634 151
212 481
305 641
839 196
859 334
308 572
516 249
300 636
682 319
767 294
296 142
277 412
853 713
110 910
554 598
439 504
794 153
869 197
210 800
653 98
620 219
227 787
755 757
93 998
782 882
390 326
654 679
162 289
275 514
936 968
42 795
760 12
137 997
944 499
85 935
56 659
54 98
755 787
194 609
450 407
432 182
681 805
868 737
944 209
826 221
111 85
938 499
404 427
902 94
405 990
543 344
752 791
725 954
63 39
601 708
29 115
825 12
627 408
795 472
646 226
741 160
356 130
342 85
34 666
130 861
76 1
773 229
248 934
506 354
843 865
365 221
996 130
543 924
360 995
235 753
273 988
269 785
331 34
973 623
833 164
299 512
981 100
584 978
762 885
355 313
28 241
819 230
294 660
408 867
706 332
155 254
830 356
526 483
748 466
664 412
199 670
157 922
598 544
915 195
435 572
239 514
956 234
170 819
887 962
419 16
993 107
426 828
399 791
923 384
727 670
598 770
766 352
90 705
732 816
325 358
25 90
449 870
617 865
358 321
983 702
570 297
897 15
771 626
703 631
870 492
505 892
860 178
495 997
405 897
599 174
786 656
919 940
521 581
719 622
543 316
802 102
218 97
751 57
573 394
600 909
698 294
824 240
200 650
458 402
259 607
649 459
407 463
912 883
910 482
144 653
734 550
665 881
117 544
891 25
554 649
986 831
368 506
593 759
173 671
502 21
700 720
297 67
540 9
173 560
230 931
307 406
75 850
10 927
100 743
451 803
13 24
89 338
91 620
734 98
408 750
785 208
435 491
199 642
370 391
560 720
278 119
939 843
193 557
14 557
680 73
274 998
701 845
206 469
408 396
316 301
559 339
466 126
747 19
840 399
384 437
775 731
724 769
515 294
917 390
977 614
974 841
25 54
462 29
33 515
146 802
309 758
382 276
185 952
121 526
195 243
253 25
148 155
702 710
814 720
51 976
777 638
465 250
600 843
470 885
396 872
181 206
823 691
134 188
379 205
566 211
210 367
916 390
315 777
464 461
902 280
195 335
824 285
308 118
971 414
570 696
573 701
620 403
100 240
802 364
217 948
414 638
351 449
950 83
797 167
212 633
88 647
307 167
50 673
130 948
611 341
833 243
710 517
472 149
751 529
865 706
558 671
381 145
678 84
94 159
97 937
957 3
189 121
924 460
606 250
689 766
410 716
526 475
675 959
649 917
535 411
153 905
575 906
14 670
953 946
53 956
537 563
130 107
205 997
903 612
260 762
529 183
412 813
913 784
451 821
606 935
460 993
944 746
908 13
883 29
111 636
224 80
335 836
211 330
33 958
162 282
654 139
71 846
315 504
758 524
864 274
469 591
628 40
294 529
559 570
324 393
271 642
399 505
627 240
699 207
155 877
279 867
357 79
858 343
879 63
440 484
413 463
694 864
808 975
534 985
289 178
643 799
929 147
597 460
246 746
119 152
342 185
40 631
113 103
898 927
317 373
337 607
856 761
375 419
123 458
434 435
566 584
365 137
368 595
557 779
83 936
501 377
342 923
71 59
294 846
23 308
28 238
856 279
602 263
108 60
2 497
961 172
305 640
483 354
435 261
164 333
300 637
227 679
999 829
696 414
899 3
41 815
334 676
118 783
639 251
550 664
406 224
764 14
568 967
571 504
949 896
274 814
24 613
97 113
621 127
172 357
396 285
783 851
509 228
737 65
844 867
115 853
590 806
167 563
559 617
543 148
548 254
805 745
720 651
684 494
392 694
565 541
488 863
149 262
105 218
52 503
968 216
531 72
744 319
450 182
217 673
947 647
346 71
592 883
510 102
494 55
542 1
604 380
372 205
394 465
825 19
424 739
96 721
722 637
433 986
341 817
237 128
169 992
372 67
924 880
906 455
136 803
38 194
597 337
104 267
32 23
714 543
677 489
88 656
578 126
616 309
490 974
342 935
880 378
222 409
324 880
767 821
248 756
320 129
654 42
273 253
771 266
577 47
605 976
974 694
540 832
326 149
990 188
370 797
757 223
919 96
923 357
123 899
400 934
709 823
41 916
429 37
179 514
936 135
633 195
27 630
57 993
379 887
803 249
141 450
568 850
348 10
756 191
994 258
693 650
201 462
205 352
49 252
128 205
880 706
702 811
188 641
48 52
357 54
486 410
310 148
261 304
927 783
289 943
419 572
169 657
990 107
212 352
891 476
323 152
436 985
606 533
849 64
557 399
919 921
416 133
753 428
509 558
294 154
229 480
943 881
153 659
531 893
91 946
720 66
631 308
462 783
887 354
622 41
94 390
367 662
299 734
74 722
442 862
118 139
925 687
643 386
867 96
47 22
787 931
395 586
857 811
406 78
619 801
415 276
473 675
774 869
246 867
317 978
819 272
417 577
89 924
675 899
519 576
461 696
978 482
713 416
762 445
124 982
824 900
48 242
364 300
733 253
241 743
607 708
773 408
162 473
309 358
132 528
497 974
149 205
580 231
871 634
747 606
438 293
538 671
243 143
6 89
744 488
447 57
307 746
860 262
458 834
261 165
787 293
57 64
683 404
744 134
545 491
928 477
307 904
897 470
402 908
116 724
9 54
483 203
145 305
910 332
198 546
513 742
238 867
243 715
725 339
502 852
161 27
678 875
775 565
624 729
453 979
492 41
882 865
593 722
833 99
887 464
523 747
755 367
982 332
839 77
1 817
164 475
631 943
452 401
725 38
740 249
614 568
532 909
113 390
648 407
408 715
444 153
23 431
966 114
993 432
757 151
888 730
969 229
50 147
468 390
509 366
380 248
900 566
351 715
144 483
400 893
918 211
975 486
427 596
489 147
785 622
236 904
609 98
920 499
922 257
255 923
586 914
626 679
152 753
974 213
723 343
941 500
358 270
684 410
869 146
444 803
619 35
232 361
175 957
414 159
379 838
436 883
717 478
542 155
543 358
410 878
699 940
294 448
955 518
850 720
835 60
730 778
837 982
713 728
952 256
200 485
698 364
593 114
702 428
617 372
289 876
735 428
863 763
894 794
463 745
264 913
318 36
604 517
109 97
962 75
470 338
700 955
312 876
421 182
593 685
190 845
84 464
265 666
568 29
700 554
991 101
169 54
99 181
433 633
344 44
437 813
994 442
17 11
456 565
532 670
990 54
421 377
997 680
501 11
58 581
213 903
665 184
681 77
40 67
295 949
991 680
406 118
887 587
273 451
383 440
701 771
831 980
922 976
83 84
211 11
589 866
274 815
352 435
551 705
707 747
164 581
603 906
159 120
508 590
720 878
741 520
337 306
282 341
803 173
609 398
314 98
863 191
280 942
500 777
600 631
139 85
48 773
551 648
647 366
491 710
609 511
788 476
663 542
81 838
525 537
898 329
783 217
34 212
772 858
24 34
688 121
530 788
470 835
825 816
955 437
426 301
392 405
742 9
548 556
931 444
612 383
78 439
501 792
446 187
379 244
731 91
125 1000
492 73
863 590
185 435
114 123
811 35
171 128
138 987
485 480
381 719
365 74
987 338
55 818
528 986
463 717
138 938
433 810
151 190
700 1000
368 321
5 410
78 704
601 789
263 854
485 706
986 857
109 214
626 448
567 397
296 397
703 324
118 172
86 334
549 686
188 282
631 998
653 704
356 704
145 41
153 550
523 896
888 968
748 209
395 527
222 184
60 179
390 996
828 72
518 962
653 51
812 17
658 907
36 11
933 259
383 348
457 474
417 676
382 28
168 274
776 721
724 239
417 533
831 338
96 84
250 741
824 856
806 920
382 510
846 425
666 211
971 688
391 910
672 864
720 616
521 873
632 100
63 790
138 443
926 400
621 808
261 319
979 614
566 90
713 438
879 1
419 575
24 173
243 291
156 442
531 661
363 870
577 455
576 191
818 955
413 438
364 580
271 8
206 660
259 560
151 742
180 86
652 83
241 96
152 559
229 527
30 560
437 722
268 117
652 879
692 88
731 754
291 705
204 850
364 628
798 925
669 824
193 231
934 132
230 929
838 288
571 871
682 308
961 875
329 193
840 558
331 447
978 558
600 68
585 912
362 158
642 377
116 302
117 19
653 87
53 983
554 556
538 169
496 604
297 541
10 590
840 433
508 519
165 542
483 963
500 931
653 313
983 534
435 824
116 115
98 962
427 760
508 485
290 144
604 587
884 120
301 880
513 136
825 654
300 821
621 780
837 735
677 576
641 108
661 97
992 280
557 208
746 283
290 485
54 330
366 72
909 845
489 765
766 931
321 473
581 619
87 246
180 276
850 636
602 237
748 638
458 549
518 487
579 215
104 245
245 756
285 832
91 913
898 953
635 220
798 646
35 898
548 937
200 823
700 912
937 382
152 954
83 910
375 334
291 765
146 168
679 278
539 387
447 695
759 228
526 689
800 85
730 282
252 618
369 898
653 776
88 86
972 449
867 236
151 63
249 69
946 229
982 559
507 653
693 662
341 33
84 113
689 25
948 538
198 490
956 61
77 524
900 179
965 953
35 316
827 840
116 433
279 441
803 17
70 358
662 122
206 166
356 581
245 708
237 363
167 521
59 896
644 189
225 376
63 584
923 763
466 130
513 379
751 447
842 505
723 342
599 763
547 4
819 811
90 985
328 974
312 467
718 223
385 281
190 468
724 628
180 714
698 11
38 536
185 180
149 337
137 313
180 377
606 556
669 267
925 161
907 666
391 517
626 872
627 385
955 630
575 161
868 957
416 206
270 281
56 165
368 727
646 148
481 936
916 937
674 837
839 381
731 284
916 762
99 470
190 995
104 352
433 670
969 828
860 815
459 974
545 833
801 319
35 783
236 244
364 961
899 982
886 858
688 800
553 650
209 820
394 974
37 118
60 313
922 652
640 921
951 523
147 635
245 100
890 107
728 66
461 537
956 82
136 631
89 569
608 519
370 838
576 37
98 313
961 637
801 980
876 360
953 829
880 875
8 532
314 769
41 975
885 214
813 345
310 806
874 345
344 536
770 12
166 881
942 246
637 118
418 265
710 340
2 853
261 568
746 46
395 430
890 114
76 745
556 291
78 107
408 19
671 242
15 638
879 383
989 459
132 698
168 883
501 965
281 436
195 90
482 810
362 713
759 586
295 104
300 263
485 269
142 742
702 510
168 913
975 942
228 97
534 625
907 646
690 778
824 360
843 516
4 658
389 88
281 839
674 669
342 104
554 320
833 415
9 77
265 475
527 407
640 313
352 839
520 794
62 202
299 756
673 423
690 787
930 590
270 23
473 696
915 478
341 837
701 497
93 255
248 647
874 967
511 336
450 747
471 771
293 111
994 492
633 532
52 762
456 963
808 376
992 757
411 365
144 864
204 668
460 758
465 932
926 827
504 830
446 929
531 509
36 933
476 316
687 344
533 748
218 947
257 801
439 473
422 419
244 183
615 864
802 735
69 971
864 268
450 95
432 408
106 195
197 44
625 677
370 588
480 500
888 497
617 725
391 120
327 894
509 119
811 565
519 380
611 743
850 85
546 442
413 881
474 321
20 981
604 601
495 53
522 435
335 604
84 273
271 708
957 738
55 685
565 28
78 246
312 969
893 51
551 909
188 17
219 477
293 638
954 792
86 943
643 968
626 176
313 257
298 87
561 603
928 290
267 720
90 469
155 659
800 876
658 262
397 754
962 120
800 899
796 408
820 22
625 853
715 200
809 771
38 127
166 128
278 462
212 326
667 282
886 130
374 86
377 498
784 606
883 952
683 830
126 124
581 466
933 884
766 598
213 958
658 861
842 14
387 369
67 997
691 223
49 969
188 867
995 629
210 999
871 30
323 540
226 984
453 129
68 360
100 993
785 384
842 371
935 914
628 416
704 368
873 351
361 115
586 892
881 836
497 627
258 691
977 297
6 829
944 446
357 199
909 624
590 911
905 419
364 46
927 860
840 78
159 486
493 408
51 834
823 652
930 178
683 406
332 248
116 679
209 259
928 479
17 592
55 964
649 411
794 852
198 544
695 660
772 869
898 950
773 58
355 7
520 279
994 690
58 800
754 338
493 766
900 66
169 216
544 780
333 853
407 178
800 86
458 54
434 236
454 235
202 144
40 843
368 104
297 188
423 676
887 323
729 161
416 734
65 706
351 902
196 965
179 817
222 881
387 476
106 982
970 127
944 542
624 246
608 747
718 608
274 969
486 100
782 529
936 833
130 136
131 737
524 120
677 918
254 147
326 524
935 950
2 627
975 401
580 295
983 938
557 17
595 162
580 182
29 728
964 21
12 394
727 975
936 526
849 339
919 19
745 130
343 41
682 629
705 355
448 563
872 283
731 192
470 148
162 221
698 507
555 286
812 391
182 635
161 19
54 454
795 732
854 377
507 14
513 855
973 357
665 524
243 568
82 902
978 739
751 848
702 140
983 493
100 870
212 664
308 363
492 248
166 121
333 1000
619 687
356 607
433 750
967 105
476 644
661 794
866 284
886 859
598 207
965 600
30 811
515 649
257 649
645 374
424 390
559 208
563 149
505 341
883 880
184 518
601 507
905 789
715 335
164 223
719 399
166 517
593 879
54 739
27 833
818 76
356 915
804 399
642 669
58 553
554 594
166 660
980 200
799 372
190 893
568 970
805 803
666 475
975 87
196 366
572 897
248 117
966 649
955 120
757 316
104 138
324 89
328 924
385 203
379 16
690 598
534 877
896 249
434 669
665 428
595 815
851 409
397 777
622 387
945 765
983 29
345 409
627 495
369 291
102 527
638 685
587 941
919 874
172 601
893 481
347 453
294 204
393 237
470 269
218 346
75 511
76 816
646 256
5 408
212 700
824 54
678 945
406 724
196 283
401 52
78 992
887 410
943 420
363 230
770 570
239 955
458 62
187 596
740 680
653 847
766 936
322 577
549 910
1 744
643 329
861 739
630 43
260 927
580 788
391 439
231 180
325 191
112 260
187 306
227 597
784 928
88 301
966 440
515 16
843 399
202 285
243 853
224 317
409 157
852 959
866 727
671 802
339 333
439 254
118 164
286 343
825 519
217 178
112 704
901 954
225 423
758 587
729 887
401 904
509 999
607 882
977 349
393 764
517 763
202 800
918 618
443 560
38 545
973 122
609 257
12 688
472 577
398 361
570 134
48 26
299 420
247 794
836 325
674 168
270 295
989 865
812 734
778 132
209 439
677 680
180 80
640 1000
114 492
134 385
104 298
933 911
181 682
186 848
635 163
88 862
749 87
731 525
843 926
458 368
222 489
153 742
853 73
47 119
984 135
469 449
363 194
58 796
865 388
316 84
559 136
134 973
448 68
947 170
731 771
697 919
773 554
67 855
503 663
785 212
804 368
128 753
808 115
405 267
46 23
139 467
13 502
614 490
351 720
154 188
775 802
706 955
991 896
950 419
495 874
420 252
12 272
505 962
785 528
96 225
195 247
983 886
589 411
332 900
169 503
797 718
138 93
983 231
924 759
752 521
945 692
103 644
826 145
404 367
959 479
800 572
671 491
364 539
751 89
650 210
12 811
91 866
169 940
170 127
479 139
975 790
216 465
531 922
109 122
950 592
592 92
222 819
320 447
726 11
640 738
934 998
783 225
436 508
499 832
961 43
268 661
109 813
369 896
613 621
62 822
17 44
19 554
409 394
687 91
283 353
670 783
286 832
752 94
455 615
3 126
477 43
631 718
72 603
179 929
289 169
850 341
870 925
690 111
326 867
3 284
760 279
82 255
233 377
620 771
586 191
630 650
284 399
266 857
448 620
196 410
888 319
827 40
441 469
357 873
540 956
644 612
659 851
975 257
633 474
483 735
232 477
601 360
286 62
290 37
974 75
872 809
959 285
730 759
661 131
989 534
936 670
370 198
854 668
431 581
488 5
860 485
419 761
404 259
57 806
636 348
18 509
460 42
958 825
69 990
535 785
890 578
428 671
235 635
143 388
555 76
393 321
971 156
958 490
688 762
252 537
806 46
768 424
227 461
355 256
692 129
480 395
967 505
914 135
796 385
282 877
501 103
586 287
967 398
109 930
126 447
221 409
131 913
297 441
916 637
465 444
198 495
644 721
836 633
527 644
509 271
736 445
789 429
520 942
760 307
408 456
372 57
193 666
231 966
489 227
571 365
440 985
2 928
385 40
81 921
979 896
762 496
364 984
573 552
245 599
637 341
95 5
258 632
873 423
741 704
200 215
971 103
25 780
564 679
216 845
696 599
125 131
162 143
333 502
426 296
393 929
671 274
307 551
534 338
81 502
529 516
821 466
180 462
553 876
698 271
481 857
734 956
949 85
43 975
800 834
883 147
90 366
346 788
28 217
761 755
194 448
78 188
622 896
881 58
21 877
703 321
959 939
800 32
284 241
123 347
506 65
325 523
273 96
725 106
174 736
160 318
236 105
878 584
438 725
735 65
203 368
4 359
922 750
579 749
345 931
153 980
317 857
729 265
531 511
861 796
662 855
844 590
757 219
744 501
159 445
951 271
454 365
607 441
130 47
886 352
965 127
306 300
560 109
22 464
745 541
858 804
183 71
758 985
686 170
267 40
452 100
516 685
131 585
210 178
769 223
145 805
439 927
563 15
337 61
200 364
340 832
215 180
950 9
309 447
43 367
850 885
814 552
986 341
453 880
147 317
955 466
24 176
759 552
371 795
638 895
569 340
398 366
440 416
906 133
711 602
358 902
898 801
646 195
952 337
480 784
65 870
707 435
983 262
414 519
536 809
260 425
561 682
835 279
433 843
929 846
750 230
772 268
41 286
846 693
860 785
43 713
108 497
971 53
57 597
505 171
434 89
236 77
457 264
28 321
875 302
53 818
956 933
556 869
633 784
532 196
45 642
784 894
288 621
258 77
277 479
207 146
944 628
413 751
589 854
314 847
809 366
282 502
605 236
935 831
790 6
719 100
261 106
742 271
103 195
348 234
665 216
439 221
421 882
962 874
263 19
984 763
730 609
267 165
231 748
328 981
629 937
222 634
390 45
104 828
704 149
31 277
234 419
627 136
185 157
665 363
90 226
200 382
826 158
310 999
39 159
556 11
243 256
730 818
879 151
238 5
534 566
542 872
631 502
206 551
228 59
963 936
659 355
294 186
167 136
320 513
337 741
484 796
731 309
94 471
207 796
905 112
212 646
288 94
125 655
848 134
605 874
398 134
790 644
499 835
481 732
341 440
808 419
227 289
890 227
856 431
69 462
607 66
791 923
740 407
31 33
320 124
791 602
183 715
41 822
848 706
80 860
946 115
182 513
413 939
202 451
791 121
740 839
942 511
710 107
141 292
850 358
617 625
446 401
456 146
495 792
379 819
784 151
714 344
442 7
660 505
410 514
101 258
709 195
822 482
200 45
756 98
427 886
211 687
909 658
859 875
862 882
974 72
722 225
145 153
101 626
409 656
105 225
158 117
556 88
447 89
485 278
911 462
567 376
698 505
828 772
946 432
909 736
507 403
401 10
238 33
583 933
78 462
467 769
817 622
199 334
185 260
373 631
100 145
412 53
341 137
751 850
679 209
989 985
243 683
907 970
269 493
307 134
580 250
306 834
187 876
683 803
189 182
635 106
132 378
606 441
551 360
39 596
260 135
902 722
361 834
268 698
435 155
284 82
535 724
313 763
814 405
246 171
670 751
785 113
587 45
861 902
12 539
369 572
101 785
542 849
472 259
236 292
187 296
903 566
26 230
670 816
107 17
697 831
19 807
663 86
666 438
889 39
818 221
641 636
679 968
487 790
296 783
852 268
672 634
510 136
257 228
629 222
723 25
339 288
743 432
768 744
828 740
85 929
301 804
395 419
876 664
366 954
183 256
868 536
82 405
452 295
881 915
608 53
645 473
262 32
689 276
550 272
493 350
593 176
168 773
160 917
158 224
625 399
551 891
313 121
230 233
447 194
237 234
437 472
846 956
996 105
389 69
311 355
527 355
394 429
878 13
882 112
21 906
669 14
318 196
229 535
829 712
886 923
298 144
375 386
105 682
159 909
294 940
186 813
27 227
319 587
351 826
692 558
635 487
13 157
472 449
98 7
943 23
748 205
855 247
974 699
188 116
795 4
124 99
766 569
452 673
142 413
199 660
495 525
241 140
22 109
283 668
653 47
535 79
562 107
778 429
179 521
954 385
573 361
666 61
647 935
922 163
279 482
466 39
805 598
609 61
442 76
742 499
335 827
263 46
46 330
968 396
139 294
600 599
230 182
250 848
306 670
736 23
336 357
764 637
30 233
582 554
57 333
42 539
349 909
869 214
841 589
309 47
112 516
142 705
458 698
241 314
919 795
466 653
473 351
593 446
132 334
243 581
998 759
485 512
859 287
181 775
610 667
705 693
812 623
916 701
8 82
544 356
284 167
913 337
203 49
778 525
854 240
892 419
326 441
678 34
75 251
937 228
264 282
781 299
947 63
507 878
863 243
829 63
45 624
162 844
936 443
152 948
301 279
620 123
503 657
453 108
734 247
848 866
956 21
206 428
353 72
689 950
201 108
164 96
961 570
174 185
837 135
729 518
487 274
205 733
813 414
317 719
690 427
12 131
324 12
93 857
21 44
462 406
546 477
620 590
694 205
915 308
475 195
667 647
262 89
450 473
859 959
362 765
788 497
310 885
955 384
315 545
871 842
177 512
431 841
680 426
350 689
21 383
122 688
428 562
836 276
220 529
229 845
765 267
548 759
203 878
782 4
650 163
817 687
616 434
530 397
713 259
20 415
259 673
846 615
706 202
264 73
776 49
271 270
293 450
648 815
132 64
482 413
363 386
79 582
504 556
883 1000
334 944
501 129
230 577
396 678
655 330
143 614
882 636
792 876
558 899
80 767
866 968
27 870
891 615
782 762
487 80
734 211
738 142
81 657
4 310
580 765
193 515
54 716
456 331
103 615
410 260
672 607
804 116
222 545
742 296
712 832
853 897
608 750
430 946
895 282
810 948
7 476
564 943
638 248
16 945
825 573
399 598
951 133
386 953
3 589
559 960
674 298
395 279
487 613
181 266
245 915
361 142
509 798
129 784
531 482
99 542
371 805
484 76
160 906
162 216
203 556
845 117
483 268
526 688
842 953
403 79
596 956
561 535
68 545
778 272
545 123
708 977
657 609
730 41
752 545
915 89
316 986
317 399
501 466
119 7
929 885
768 437
540 937
22 48
545 675
378 254
288 234
951 865
136 398
631 461
467 444
969 514
911 675
628 769
863 186
131 245
169 74
278 356
351 854
890 4
899 407
359 331
52 657
773 735
634 1
9 610
675 577
213 898
144 151
883 738
823 510
951 293
116 354
619 125
505 301
842 212
625 556
537 642
370 725
956 332
747 209
344 540
715 575
510 137
37 519
884 926
387 616
465 376
762 510
435 884
310 96
292 939
901 344
172 385
725 745
436 574
182 46
76 741
524 381
690 597
820 676
662 471
480 697
320 910
63 846
564 673
534 880
15 747
769 403
768 318
264 709
335 666
306 940
110 158
485 587
209 319
897 480
748 763
603 152
968 523
117 932
812 644
597 490
964 607
894 792
918 243
155 312
289 434
787 175
347 740
649 178
479 483
930 701
808 493
274 313
853 934
857 928
251 497
535 763
611 113
101 931
725 217
90 614
877 494
630 46
154 389
942 346
417 861
879 773
68 143
992 983
700 408
205 982
169 320
368 422
692 564
733 320
207 41
248 182
746 733
684 539
390 650
227 820
157 693
49 20
638 342
486 35
72 883
698 907
736 202
457 831
119 839
944 263
546 583
81 780
91 302
951 92
720 734
900 782
559 523
708 439
289 839
254 825
201 435
111 912
793 215
978 173
319 359
506 858
488 161
388 556
725 773
108 777
76 495
304 872
24 178
39 913
397 955
110 186
972 817
518 109
460 29
299 409
941 618
156 294
263 514
125 903
806 424
151 765
833 462
834 929
372 864
394 590
161 329
455 171
310 682
207 826
522 834
597 398
483 34
527 503
89 159
569 165
517 205
259 725
407 309
28 14
781 584
38 115
722 780
247 811
583 973
415 623
666 555
169 113
448 40
268 323
820 304
257 758
792 785
244 578
853 424
652 518
979 590
111 238
888 597
671 604
623 899
347 417
540 341
896 713
908 96
816 139
399 863
625 756
322 678
772 191
245 747
942 195
410 336
475 378
206 254
867 768
392 790
543 197
452 90
550 791
112 751
918 811
392 741
765 198
289 867
127 553
150 624
451 19
824 599
287 697
862 807
920 42
24 31
137 256
154 401
484 169
113 641
475 806
304 512
690 895
30 484
15 336
660 27
536 105
294 297
214 381
137 482
449 304
68 718
90 2
787 408
899 690
739 947
646 173
996 34
697 395
916 739
935 129
134 608
797 160
930 515
735 340
155 480
619 711
19 337
238 583
795 816
144 910
142 137
455 322
937 199
259 495
278 345
544 111
164 336
595 729
499 611
500 456
83 352
709 764
430 503
88 202
291 943
171 900
955 663
297 322
724 479
871 344
305 895
947 834
371 458
226 475
103 3
514 284
515 109
560 578
153 172
10 623
28 756
124 897
549 310
335 845
709 48
839 685
236 902
366 557
979 854
287 895
112 779
976 560
962 937
64 942
160 685
586 156
254 881
766 132
698 562
564 718
603 352
659 562
676 764
845 227
816 500
962 385
564 637
733 622
738 307
738 900
8 559
66 381
488 407
380 157
146 709
437 450
498 240
801 103
630 520
96 699
815 514
484 818
655 245
768 263
39 368
260 99
45 593
518 742
987 411
388 463
62 162
299 540
449 175
506 40
273 121
751 562
402 287
387 241
639 573
469 277
936 342
991 496
646 458
526 15
416 766
990 640
481 762
342 751
643 254
80 826
409 276
611 727
691 234
382 155
148 695
611 899
813 707
10 688
927 335
583 473
676 205
6 489
254 465
774 460
991 948
597 419
651 441
926 525
917 342
365 323
339 290
358 450
310 97
292 980
828 742
371 117
153 426
413 813
328 896
245 965
546 258
712 998
305 432
713 307
230 963
206 976
673 909
251 761
879 491
772 983
976 826
557 275
907 300
379 285
91 129
474 59
807 207
993 749
337 769
875 465
953 79
919 870
544 636
686 379
963 866
584 365
413 349
630 752
367 522
738 644
320 587
895 756
962 391
311 637
530 357
659 123
198 155
791 654
114 678
768 16
271 502
222 259
668 106
835 747
69 499
665 66
535 762
630 188
118 64
959 650
362 414
827 568
754 632
633 889
157 993
122 510
250 299
527 967
767 450
644 801
463 45
466 259
451 621
841 213
144 3
128 664
201 118
760 803
653 190
633 196
172 320
157 692
727 225
675 299
452 976
344 761
242 572
331 981
888 502
330 114
617 65
896 443
533 826
935 634
497 586
525 974
519 392
45 257
585 276
253 510
842 653
76 409
556 147
704 678
869 212
301 552
252 186
935 297
741 490
641 958
52 321
768 50
863 539
789 868
61 525
498 169
320 649
122 525
506 684
385 663
692 256
844 203
631 269
912 875
877 909
551 460
679 155
611 289
4 913
564 105
303 135
661 749
131 302
297 58
672 696
925 680
408 620
571 780
143 671
522 564
264 284
457 269
972 468
956 817
29 58
306 26
307 271
37 154
120 704
118 991
529 50
454 317
783 763
274 591
885 119
577 302
944 631
733 419
845 474
102 210
432 298
430 805
966 299
382 34
366 679
940 658
444 577
57 627
510 198
794 854
462 101
409 927
220 864
605 135
617 837
546 475
929 449
33 756
175 817
932 732
486 116
205 398
336 323
870 384
968 136
337 708
590 3
859 356
77 708
869 200
82 746
102 745
966 774
146 591
726 452
196 359
171 32
907 372
929 156
656 166
90 144
392 116
78 497
138 778
74 908
492 499
203 864
994 621
632 578
760 629
800 798
544 284
747 915
974 786
276 515
209 544
228 260
798 648
968 723
734 522
397 354
570 730
19 336
402 312
43 566
477 421
299 576
70 781
561 455
603 548
282 789
486 733
126 564
718 984
130 321
403 975
135 720
706 652
841 435
507 643
662 675
60 113
671 563
804 904
441 489
331 301
786 239
936 40
60 467
22 189
794 138
157 858
602 879
260 253
555 939
78 796
188 796
210 964
57 985
434 287
698 204
112 558
23 946
232 547
34 489
642 232
789 375
59 902
483 882
689 3
449 806
600 610
915 705
732 119
543 119
667 756
889 580
655 643
983 790
915 558
807 452
681 816
941 382
83 636
177 721
875 518
751 155
533 84
680 517
279 1000
345 384
896 48
879 71
459 440
635 547
484 989
266 360
394 293
379 225
608 505
898 885
815 668
912 917
604 621
716 375
494 381
955 765
897 482
523 465
7 576
839 379
986 221
234 838
255 624
185 378
427 469
160 72
398 246
991 221
26 545
192 729
377 339
657 897
476 641
592 346
633 514
302 509
255 295
2 457
338 561
616 481
113 483
758 53
28 388
302 223
361 609
420 46
684 787
520 884
169 362
117 36
102 440
636 704
256 949
788 785
277 276
322 907
362 236
988 296
477 301
885 208
633 47
562 213
67 561
638 312
58 276
173 69
379 720
395 87
219 779
954 202
718 355
177 575
206 55
614 144
121 605
106 395
181 507
127 531
55 470
580 151
673 531
485 259
794 725
800 292
7 881
105 339
436 973
110 156
829 882
738 937
741 70
708 785
871 711
918 315
76 171
854 222
702 371
744 197
302 861
963 869
587 561
952 402
660 835
844 160
94 515
521 131
596 833
161 3
933 918
769 605
155 314
429 695
781 546
108 378
886 777
747 833
764 365
765 900
587 492
669 734
213 834
434 177
435 248
294 653
592 782
139 716
636 518
398 927
679 570
191 187
956 925
667 82
481 507
62 520
191 876
710 148
583 158
605 482
733 301
425 748
267 667
852 77
376 382
122 366
676 147
163 288
205 933
978 359
705 421
724 135
213 646
153 199
326 943
828 421
832 800
641 718
269 517
332 703
296 637
153 20
814 995
543 600
653 415
537 446
565 48
371 80
577 909
872 555
284 984
211 616
565 633
380 881
902 416
826 134
125 532
637 200
480 22
713 520
401 574
333 588
336 21
974 442
104 113
466 648
530 533
142 887
659 331
811 4
243 582
891 306
484 868
532 170
769 520
83 375
541 36
63 288
268 904
489 859
202 266
884 922
459 63
959 890
691 760
782 161
330 800
297 57
995 46
514 913
874 805
343 344
91 729
247 986
819 205
749 372
821 615
143 527
916 781
277 761
62 361
372 147
249 178
122 416
503 765
391 406
842 434
528 179
44 219
461 590
408 614
615 813
504 207
208 88
912 214
608 709
267 362
316 859
423 529
224 77
757 477
850 273
505 596
246 412
749 841
823 198
510 199
77 480
277 46
471 244
335 792
486 348
171 645
920 270
594 157
208 480
25 174
686 309
299 610
290 26
336 324
102 799
732 418
54 210
385 423
712 142
470 130
436 790
669 288
285 55
158 319
787 301
347 354
96 546
170 233
651 874
29 50
772 718
61 641
398 104
973 460
332 468
194 405
892 252
621 474
500 750
19 226
166 87
151 993
544 387
467 373
48 882
553 731
458 145
866 370
259 320
679 433
209 705
247 777
359 723
89 411
715 123
723 596
669 646
122 85
160 378
888 516
10 952
118 905
860 932
148 814
810 639
615 704
102 413
788 894
550 373
947 73
445 704
505 278
782 616
658 236
165 682
304 258
582 181
864 458
37 608
217 609
193 802
233 269
625 871
976 675
866 523
650 556
210 231
471 428
247 549
519 322
997 836
162 501
70 710
483 595
814 757
319 185
211 940
214 449
292 743
738 787
759 639
760 839
599 982
470 174
328 723
717 423
898 707
847 362
336 78
100 447
484 990
980 955
587 903
329 923
313 210
868 932
371 580
599 52
270 224
47 648
243 574
165 958
360 866
278 6
124 45
942 897
389 783
47 871
947 813
694 865
332 335
891 984
449 173
912 707
969 950
625 20
74 188
610 928
826 869
222 426
832 490
213 513
136 433
106 643
63 119
494 139
933 164
265 636
568 259
914 275
827 542
754 594
725 179
799 604
17 156
149 631
64 81
796 898
106 820
842 64
3 238
583 493
248 157
690 12
785 288
913 747
127 943
23 864
889 148
556 500
738 499
888 476
7 428
931 827
969 189
936 577
371 996
634 930
621 828
106 283
713 305
495 399
190 507
615 398
746 203
964 134
452 434
146 517
519 68
686 591
55 612
186 757
206 752
391 614
394 454
103 856
363 771
513 772
474 168
111 317
134 268
930 359
706 878
184 125
111 418
812 647
636 67
85 195
216 398
434 509
401 268
562 961
853 206
484 679
584 589
551 443
791 648
597 201
66 771
873 657
964 888
554 252
131 325
773 798
83 572
965 550
22 758
517 281
949 383
585 531
644 924
929 789
61 254
814 292
415 315
453 116
553 94
594 232
757 166
448 796
231 3
642 284
933 267
992 857
79 336
885 2
278 976
410 200
858 958
845 660
278 835
344 763
680 373
422 830
831 726
617 734
648 170
15 901
77 332
849 499
116 150
129 179
767 614
534 717
612 549
519 27
246 879
872 714
86 708
271 499
555 463
630 897
243 965
115 372
688 236
581 639
15 514
15 377
53 54
609 622
441 972
812 325
775 339
725 612
655 648
859 226
753 347
327 328
807 66
938 255
480 789
542 501
354 345
192 612
100 853
910 488
18 224
610 518
648 823
249 486
268 536
127 461
406 650
338 724
777 570
734 334
660 565
311 523
536 635
424 437
536 1000
333 827
435 215
865 414
65 342
49 617
787 539
439 276
847 651
39 894
80 885
898 625
27 926
733 304
201 903
644 775
622 690
701 978
652 314
712 533
287 209
736 395
644 944
709 456
486 115
362 37
550 552
900 346
554 679
432 238
659 972
719 16
747 738
650 521
101 489
875 766
841 930
252 822
426 568
926 357
565 555
471 88
608 2
515 462
612 586
135 481
51 986
239 93
29 937
836 385
676 554
327 526
113 646
755 243
993 698
802 384
270 410
143 136
526 724
678 542
668 633
544 567
797 411
460 800
39 504
996 45
688 502
48 533
964 515
307 768
574 735
532 335
769 619
890 411
800 911
692 405
289 398
165 307
583 797
518 648
498 655
818 750
247 776
93 418
10 982
299 979
467 277
658 896
972 506
278 207
904 874
407 937
925 940
771 474
130 462
41 825
960 1
616 675
490 432
684 896
248 130
340 338
433 16
509 357
491 806
26 118
831 776
772 707
137 788
923 492
340 705
70 350
589 710
127 795
735 600
526 525
399 792
762 486
837 8
470 739
179 754
989 221
757 289
685 196
888 48
542 599
345 891
720 665
438 508
116 206
480 120
932 754
384 56
37 978
404 43
25 826
688 86
767 574
755 94
572 568
725 826
337 905
232 225
641 241
772 909
591 637
404 265
578 684
906 247
979 53
638 696
664 445
591 738
578 735
299 482
356 145
892 196
989 931
373 515
483 238
622 127
593 267
920 709
740 462
726 41
226 849
142 78
56 395
511 853
204 771
196 406
575 284
872 953
796 479
737 123
126 884
999 696
706 861
835 473
585 741
680 719
979 477
282 887
671 493
125 307
496 303
443 808
891 662
766 518
452 586
573 126
496 702
63 582
968 433
303 765
861 163
407 659
11 714
966 486
718 583
614 436
282 299
266 916
417 512
168 462
137 897
701 625
802 917
269 624
552 340
440 590
167 549
573 546
244 488
419 300
556 283
24 444
522 391
371 999
617 771
873 425
251 525
358 291
349 932
885 530
746 200
490 550
253 328
474 407
256 206
898 565
133 792
775 217
744 297
600 781
431 851
949 230
897 331
627 500
426 165
673 236
397 996
73 796
536 164
692 998
474 306
74 962
427 949
769 595
972 126
701 408
77 606
246 383
478 224
454 195
627 560
544 460
672 241
436 434
168 882
173 705
143 571
70 843
382 585
279 44
490 726
899 216
957 434
301 302
943 131
506 940
746 694
619 204
113 441
16 49
14 604
509 444
2 124
974 606
371 391
488 900
689 798
598 686
802 727
123 778
714 443
589 829
864 260
390 654
932 453
101 66
556 64
253 364
331 982
563 547
694 331
825 520
861 474
917 472
811 557
991 843
764 523
896 301
500 606
989 438
737 325
663 565
595 867
707 893
717 268
936 717
349 904
152 124
744 502
986 351
968 254
931 498
826 132
721 986
336 120
245 318
