1000 9882
582 713
903 717
826 375
171 86
301 711
531 790
324 632
678 667
642 645
994 580
481 895
617 315
526 543
859 274
53 215
937 444
539 656
676 345
237 491
476 805
645 4
133 304
597 379
320 473
818 632
302 601
928 24
32 77
285 917
934 34
593 748
138 681
503 473
506 111
658 32
91 731
447 923
352 601
369 925
613 883
196 858
399 547
607 84
184 598
26 313
373 110
785 60
210 701
433 902
693 929
529 192
785 350
953 780
790 169
3 297
900 569
525 785
988 274
541 938
183 161
816 274
300 131
603 846
129 109
466 806
512 682
931 176
590 687
572 678
370 330
116 794
194 121
655 729
488 129
532 62
343 29
91 44
988 854
793 288
133 719
171 404
100 310
444 896
764 781
546 184
659 395
834 767
800 563
546 43
56 803
440 66
954 126
886 651
668 634
781 821
138 777
468 528
582 836
877 943
701 943
551 143
184 71
645 868
356 333
758 97
167 279
575 106
43 781
186 200
130 907
645 120
539 493
276 572
247 154
285 633
436 507
459 938
302 484
666 789
145 95
670 388
602 729
913 82
368 255
535 995
188 74
192 13
819 88
322 640
967 304
439 379
356 399
917 604
130 126
171 790
267 315
231 74
20 593
849 655
775 675
961 537
546 681
106 240
809 477
956 276
975 488
297 753
707 646
615 49
762 487
688 739
605 123
212 277
291 751
944 451
599 541
255 678
642 150
845 957
385 231
297 915
449 980
855 356
305 392
401 841
462 358
780 959
901 813
876 848
94 889
469 124
806 522
203 547
65 518
800 103
263 561
677 823
453 963
310 628
740 233
480 879
1000 118
217 876
744 666
40 723
592 928
350 944
195 677
125 572
650 358
290 595
257 700
458 465
4 965
96 814
649 8
213 73
968 754
734 741
961 415
122 149
675 831
217 802
554 6
890 908
522 632
706 461
982 358
400 376
240 71
113 463
709 587
947 122
198 192
222 202
204 625
981 295
424 172
373 215
288 683
236 689
226 209
790 230
421 577
461 532
633 67
351 640
338 225
33 885
607 965
771 215
610 341
573 351
760 314
561 319
327 572
604 379
608 894
92 391
699 425
148 401
245 687
762 507
90 608
275 526
992 12
230 140
4 517
220 402
64 910
674 331
214 624
250 937
163 978
682 718
738 834
63 885
985 919
16 688
570 123
4 613
45 764
990 216
747 673
812 355
4 445
375 197
671 424
124 75
591 705
939 96
647 691
982 198
751 783
284 42
471 564
556 638
939 270
450 881
523 732
708 720
623 551
551 266
916 901
467 351
140 399
343 589
273 234
682 326
65 328
374 498
89 322
588 668
511 63
775 415
614 740
373 58
232 930
504 839
361 578
168 254
137 335
595 294
342 64
988 271
505 701
659 946
306 438
399 759
555 773
975 416
101 499
640 849
429 316
72 199
381 67
145 909
918 768
277 120
577 898
952 409
176 101
859 824
94 157
128 216
167 857
522 440
25 832
542 831
394 55
512 382
107 972
879 410
882 458
668 881
116 950
228 808
911 415
772 951
223 599
337 976
191 53
817 462
755 435
472 585
968 846
509 690
313 159
280 336
806 429
555 239
977 785
595 670
872 121
321 277
692 268
893 413
949 411
626 56
534 783
613 782
994 679
565 190
960 635
298 382
924 222
104 417
415 965
897 841
807 819
278 455
133 320
346 137
655 463
700 740
486 565
655 380
514 608
553 414
518 268
943 49
636 549
286 876
739 308
580 880
562 295
836 553
952 247
603 814
395 805
596 513
269 836
550 735
40 404
121 335
890 290
642 401
594 886
398 190
15 874
655 977
589 689
628 425
220 426
802 986
45 246
786 41
827 117
208 483
45 208
428 216
361 11
16 986
698 138
440 758
888 244
980 716
124 318
380 912
793 295
243 152
832 407
671 322
86 742
641 235
879 47
33 649
985 84
856 860
104 961
293 18
150 966
962 344
191 190
692 369
341 781
17 591
380 229
26 447
844 148
246 666
234 878
952 77
92 983
213 436
221 969
807 838
721 385
743 836
502 978
892 366
86 285
899 996
829 379
960 758
209 710
781 344
782 51
530 77
426 405
148 971
334 954
464 916
946 264
875 370
530 75
948 462
531 350
756 461
926 478
142 428
572 289
136 581
486 819
183 881
115 551
515 795
875 33
701 869
885 248
278 926
211 489
33 985
76 793
225 261
409 974
145 964
57 442
405 122
64 564
85 918
489 41
538 555
335 622
214 597
343 435
733 839
112 927
388 594
760 987
134 106
16 597
862 772
107 805
200 385
733 617
494 39
591 639
333 347
101 838
548 642
608 509
920 809
958 801
455 513
467 774
854 374
247 712
34 651
933 621
809 535
517 878
510 924
169 769
377 742
621 443
363 471
240 154
493 840
893 379
743 872
299 531
504 735
29 422
412 466
235 657
971 101
57 549
62 310
209 802
70 877
877 371
790 554
39 546
348 758
22 883
705 179
635 318
853 363
446 947
714 163
868 95
245 27
266 688
563 954
434 890
420 441
338 222
822 564
514 253
741 940
413 577
196 343
289 595
490 180
606 798
718 500
918 138
600 467
505 529
324 51
241 715
202 595
21 253
704 978
686 257
604 173
215 315
953 406
680 442
759 830
962 732
279 810
361 195
548 369
797 16
396 382
368 944
167 922
461 185
86 814
107 769
94 741
720 308
629 652
744 186
318 493
212 880
270 336
401 487
648 544
595 645
815 700
798 810
859 264
623 211
350 941
226 647
974 384
517 211
702 81
836 828
880 776
946 543
179 436
90 281
240 134
39 736
354 146
658 354
602 380
866 313
459 885
136 336
100 609
249 297
711 67
342 546
291 524
39 966
443 729
923 83
9 567
374 499
984 35
857 987
839 159
455 662
41 230
313 905
209 640
266 709
1000 973
589 985
736 627
588 748
311 375
554 124
960 75
840 561
895 21
1 385
485 895
610 391
222 961
978 355
641 593
43 753
81 620
867 669
248 893
140 931
159 65
901 784
940 826
723 58
598 910
270 833
128 810
96 222
405 178
945 933
987 366
970 624
129 176
77 218
168 714
614 3
462 300
432 847
517 738
93 528
591 273
129 82
280 179
659 625
931 500
111 124
77 60
495 285
560 474
299 14
998 396
546 5
341 903
161 97
324 747
237 822
534 546
151 650
82 549
467 849
263 632
893 299
877 870
310 573
792 300
721 250
707 443
981 696
768 341
570 993
826 599
440 134
869 659
835 287
178 518
335 547
753 186
332 259
209 444
834 93
783 148
331 253
960 747
374 61
514 718
705 89
942 670
951 980
398 972
666 676
460 701
173 436
395 365
278 764
417 898
37 141
770 902
511 210
719 473
123 970
608 618
383 404
520 515
752 897
874 485
24 570
757 40
853 517
992 215
597 614
571 173
348 226
719 29
25 1
68 225
585 473
768 727
400 555
76 724
6 811
903 59
483 682
747 445
699 190
573 729
426 438
297 966
589 207
216 926
675 185
417 153
627 144
205 26
635 685
101 89
711 784
927 983
677 896
548 536
14 735
670 22
709 686
264 643
981 634
85 565
581 633
380 119
765 396
366 454
302 814
817 634
90 12
91 893
19 8
627 351
220 927
919 677
940 384
873 931
215 660
826 619
259 678
916 498
323 364
83 810
502 928
621 470
877 108
593 701
354 235
575 159
122 895
873 733
865 733
973 554
153 713
503 447
195 886
996 948
387 40
887 341
763 363
948 463
681 204
256 897
648 387
672 281
896 909
286 21
53 798
50 52
767 385
418 560
196 739
685 513
124 128
748 306
520 955
245 344
121 362
983 650
479 155
400 873
310 492
27 700
888 452
370 682
29 573
637 328
225 149
567 61
827 400
224 843
189 951
758 648
358 314
163 824
812 91
375 989
103 594
435 651
567 451
899 750
485 593
674 7
643 683
907 663
820 924
33 102
696 674
471 716
281 880
247 421
640 441
347 499
419 990
945 234
722 541
309 536
288 3
364 790
700 984
555 71
42 30
652 859
835 471
284 119
524 112
985 486
697 282
230 826
800 29
714 639
880 331
511 807
496 68
558 708
661 644
908 531
31 716
454 205
331 274
714 322
98 123
188 104
706 749
908 881
782 814
987 808
880 184
383 479
938 552
831 745
126 311
421 591
206 495
814 793
876 355
680 14
809 430
154 253
179 674
54 850
292 835
585 996
277 241
565 259
942 253
999 500
470 514
383 531
538 918
656 309
96 162
867 943
211 595
485 80
935 690
662 494
354 781
342 298
971 742
665 299
962 511
798 9
51 644
949 900
234 33
994 972
831 195
299 434
156 473
911 347
768 219
405 32
902 874
764 21
412 226
531 876
556 234
535 844
21 914
209 466
503 208
472 828
750 211
886 159
517 210
593 372
479 91
796 399
337 36
820 5
736 968
492 214
921 874
652 718
843 213
221 673
709 924
337 127
929 628
89 305
249 237
614 779
464 861
157 268
529 447
839 158
2 345
13 210
792 939
27 950
301 299
840 675
94 34
253 594
74 103
994 180
399 979
349 80
800 100
870 850
379 917
219 588
129 356
274 775
774 660
405 479
435 359
46 483
34 443
895 330
223 925
944 318
984 527
841 906
923 700
319 287
670 864
824 723
932 678
811 959
69 331
885 578
889 480
379 465
160 211
751 361
263 511
834 615
414 195
163 577
826 131
935 295
592 642
81 440
707 156
86 843
60 850
167 14
117 879
265 2
753 351
551 228
475 753
892 778
284 409
213 301
282 4
346 846
510 981
223 132
527 508
431 459
218 260
769 956
386 600
830 7
523 621
781 577
857 235
551 347
506 245
832 423
596 576
526 175
399 17
570 691
921 759
292 125
725 21
910 185
325 871
587 28
182 784
588 819
37 51
611 146
539 209
31 533
640 860
761 629
455 629
439 272
6 349
758 118
918 514
840 735
397 565
130 409
808 868
746 681
323 632
909 161
841 251
878 830
239 564
240 766
558 184
598 713
519 695
866 753
813 406
818 364
50 962
665 167
551 759
291 325
609 450
497 616
439 837
79 482
29 713
391 998
458 917
845 871
893 123
654 907
788 505
223 548
958 553
500 619
233 848
17 803
271 850
897 263
95 638
578 580
691 799
103 783
332 243
939 29
741 153
246 617
705 87
531 823
755 277
647 757
262 669
72 883
473 44
152 535
531 21
159 956
866 412
977 541
429 762
47 831
950 840
682 506
973 553
995 113
136 410
236 27
532 536
152 597
787 221
65 389
400 174
235 730
616 536
321 684
999 483
892 701
126 393
491 252
679 761
157 931
374 683
135 600
305 880
325 125
642 195
943 380
280 530
649 655
581 332
766 712
842 184
326 857
992 773
644 630
450 675
941 180
390 698
2 821
13 353
452 903
537 351
116 52
559 746
339 271
175 765
292 959
442 12
690 726
305 316
326 650
498 295
926 325
396 988
717 320
111 977
184 304
775 96
834 572
542 885
506 925
380 768
966 981
609 712
849 217
722 361
890 775
233 844
345 394
253 273
881 712
493 258
440 498
773 464
321 433
432 630
87 174
273 566
919 859
761 899
195 281
308 88
94 553
63 278
337 51
359 959
179 301
513 733
697 424
78 753
583 876
950 933
848 859
96 912
191 515
550 206
716 162
256 832
597 161
986 616
438 711
517 288
268 362
377 439
838 356
938 646
492 694
781 252
654 378
217 463
364 362
503 566
334 694
598 535
545 665
508 893
434 888
805 839
990 349
704 102
260 716
687 359
583 470
35 196
770 145
865 21
645 831
172 347
154 250
852 277
283 530
568 836
974 864
760 172
686 148
945 46
225 698
788 748
372 289
439 261
876 657
827 447
519 413
431 781
638 111
200 193
953 261
439 546
944 879
744 414
617 912
394 225
33 295
470 860
417 64
557 268
464 101
462 752
670 53
234 627
845 17
349 834
617 178
891 447
836 340
964 417
323 315
716 258
556 859
351 361
264 811
60 16
564 382
322 97
808 136
437 336
720 84
427 422
378 312
105 512
63 37
949 309
553 628
511 740
788 887
503 320
52 936
937 358
403 702
743 654
1000 642
291 673
327 167
916 896
166 227
304 820
585 645
378 909
145 36
239 972
991 477
210 578
562 687
634 451
69 397
142 507
537 987
59 427
496 526
447 768
888 256
828 93
256 609
268 4
514 300
643 80
883 631
774 762
480 162
80 8
92 315
179 528
254 500
809 393
594 913
22 494
799 226
968 294
805 605
129 404
477 444
121 402
598 908
582 257
34 299
987 499
333 221
443 357
197 958
571 97
954 91
849 263
598 414
102 885
177 642
362 654
632 623
826 17
754 72
298 662
64 796
547 857
586 177
338 112
210 120
185 248
104 1000
182 845
656 591
664 74
294 261
591 561
960 801
208 70
171 74
389 31
462 639
636 414
194 233
581 523
124 106
894 768
836 988
474 592
689 984
198 560
53 211
458 389
720 48
430 901
761 804
341 627
229 562
273 792
80 302
887 45
544 381
174 552
639 668
696 40
697 337
735 137
347 728
278 474
795 812
174 667
467 399
782 90
820 393
658 28
347 841
443 630
649 807
246 121
655 377
839 236
717 656
465 867
801 733
571 739
273 356
3 15
41 192
634 65
756 794
926 771
530 328
61 398
482 933
857 727
913 805
222 931
560 606
309 749
585 253
378 613
896 624
996 801
728 723
361 494
803 131
714 298
110 691
625 893
441 454
666 503
825 552
771 974
505 952
521 848
756 391
849 451
447 478
584 16
256 27
898 582
996 357
730 259
281 632
673 846
898 761
206 642
232 25
328 937
587 913
960 303
659 702
703 42
460 136
261 73
449 441
450 914
233 514
109 111
990 520
494 475
482 291
464 730
810 354
829 263
939 331
890 279
928 56
674 356
105 9
807 720
169 196
499 845
995 112
620 291
507 954
448 13
562 740
598 302
30 842
52 646
709 740
303 887
749 739
507 664
914 440
992 568
832 434
724 487
192 176
302 53
505 431
910 982
866 944
922 974
475 926
468 404
7 698
2 32
610 333
866 803
983 600
468 507
162 698
638 796
98 520
118 591
823 32
885 487
408 149
228 574
818 480
737 272
404 65
765 226
862 888
777 570
155 890
210 259
203 598
409 527
86 769
582 762
587 812
822 181
94 780
612 329
525 858
531 741
270 379
152 342
650 253
501 771
526 552
393 108
177 773
289 323
454 519
289 44
207 853
66 23
195 681
17 697
844 10
757 743
260 107
905 154
907 964
264 890
497 258
151 771
230 544
104 24
869 570
339 547
781 392
982 267
341 497
363 345
425 78
759 223
670 692
89 505
252 899
606 310
438 708
886 198
585 633
588 884
27 940
569 469
411 724
422 446
705 289
746 607
425 490
502 505
529 243
879 857
571 408
952 646
865 187
171 886
600 184
598 647
413 685
361 644
107 447
73 24
496 913
945 220
818 162
591 107
25 78
989 939
31 32
552 345
277 410
667 568
729 871
992 511
663 556
940 119
228 929
506 847
825 721
607 915
846 121
445 672
318 694
871 542
855 501
470 861
492 765
510 626
702 536
812 456
411 609
708 137
33 407
713 533
160 449
644 50
578 653
229 827
581 534
859 156
612 508
264 812
670 212
697 90
546 760
962 14
564 238
15 182
610 636
540 791
27 332
70 624
428 773
87 512
588 43
844 445
811 315
1000 643
104 352
506 84
127 715
751 606
772 49
425 938
528 981
752 179
239 975
634 187
605 586
917 958
479 420
738 109
173 478
106 899
734 1
899 108
791 74
779 514
942 466
448 786
583 292
487 403
415 438
453 15
291 252
554 570
560 691
922 6
140 975
969 250
735 526
314 822
280 762
29 464
489 196
903 323
119 862
229 266
385 178
629 809
746 119
364 961
963 533
168 717
777 737
996 499
44 32
372 437
689 477
893 85
305 468
641 18
389 574
65 672
119 493
689 302
599 807
744 266
281 313
67 255
284 598
267 993
87 224
473 308
882 168
226 580
544 545
467 850
301 706
86 952
52 248
234 743
474 150
935 7
829 512
499 171
61 630
647 659
962 227
912 980
927 675
934 325
437 691
464 767
321 154
147 770
869 737
122 870
605 795
821 846
306 889
855 547
175 61
131 167
26 403
326 398
14 368
363 190
135 451
253 387
463 235
101 884
861 964
865 257
466 332
49 764
529 42
527 547
453 82
560 704
830 720
344 959
218 920
993 22
761 50
374 623
281 624
395 182
658 624
861 23
420 323
495 777
956 269
25 405
273 611
488 601
270 945
107 753
758 560
816 279
637 673
50 595
201 453
718 162
439 839
668 947
334 171
906 872
194 518
767 947
280 781
347 44
883 827
958 604
153 283
962 515
266 26
282 251
860 332
15 270
293 803
223 550
349 999
851 605
393 917
46 953
397 837
623 847
695 340
698 488
940 356
239 890
298 794
116 517
599 952
603 61
342 451
419 854
630 790
480 856
774 41
105 445
18 284
274 178
294 177
316 601
111 480
441 716
705 879
32 511
186 888
284 157
363 380
680 586
255 698
386 685
909 319
926 217
758 248
805 510
438 761
799 720
113 439
283 381
801 91
217 497
398 606
862 3
573 84
403 836
888 634
357 729
585 958
503 847
567 634
288 644
970 96
607 341
41 844
939 935
10 645
27 737
88 497
876 378
498 770
879 538
789 270
187 478
816 420
316 463
128 870
846 320
386 418
996 597
577 989
908 355
547 165
487 526
401 947
516 872
976 553
668 919
44 89
172 38
634 905
263 249
656 347
340 796
125 2
570 497
889 573
752 927
592 704
219 241
564 582
803 762
290 283
684 175
398 793
54 467
772 538
845 508
518 34
886 744
131 759
644 476
630 749
265 425
530 487
366 767
887 103
798 748
971 136
554 112
477 607
223 111
61 896
613 723
246 388
319 461
52 837
700 569
866 273
792 692
722 973
706 454
340 184
704 365
217 307
515 756
903 773
193 298
909 436
967 386
101 774
669 532
909 5
658 775
198 84
606 81
255 13
205 808
991 665
114 895
67 795
781 75
529 242
16 459
805 837
844 941
5 781
263 917
73 31
898 88
379 891
842 301
36 228
704 262
392 840
637 760
214 683
179 724
515 366
443 352
885 506
340 947
814 830
391 923
642 887
326 756
849 281
820 686
837 264
586 520
438 333
501 983
599 770
211 965
530 775
849 933
578 539
971 930
726 1000
104 910
910 586
582 743
125 776
517 940
384 824
150 787
389 57
780 702
587 600
698 275
494 182
886 756
498 781
981 672
353 485
787 475
114 509
136 231
869 379
142 957
751 891
458 510
277 922
441 516
445 212
527 10
360 980
381 802
442 842
703 488
28 83
963 536
468 922
87 752
551 257
735 36
900 15
95 133
314 177
423 658
72 335
231 453
493 427
244 624
500 410
778 894
912 452
173 477
66 687
322 709
163 347
700 402
903 527
83 400
781 111
106 787
623 998
148 604
619 83
177 196
423 95
838 243
931 815
35 226
110 810
202 657
19 957
651 476
27 582
672 913
893 641
269 573
607 579
59 105
371 171
297 716
172 456
524 53
1 754
84 524
146 815
92 23
475 153
722 122
974 614
210 166
547 125
606 536
629 985
742 200
138 426
232 257
823 777
58 133
833 777
506 979
986 345
141 950
568 761
453 868
636 300
366 191
849 39
967 595
808 1000
794 979
635 995
357 361
95 805
497 30
320 561
588 362
234 783
574 813
955 829
170 31
179 359
911 94
604 732
273 798
401 225
477 534
243 876
65 156
963 615
17 273
751 524
371 657
459 900
925 703
238 544
41 36
813 958
117 337
192 904
28 294
140 319
657 99
767 587
662 668
395 971
123 974
348 809
975 252
227 636
240 718
588 611
572 120
130 7
290 180
266 967
174 196
578 260
112 571
187 75
154 816
980 388
31 106
768 572
931 88
651 720
272 331
464 154
2 892
702 917
793 927
399 333
82 46
208 865
340 906
612 994
150 415
409 791
671 43
910 881
483 255
975 673
889 544
584 18
413 216
712 669
718 125
498 480
426 325
447 41
693 257
640 324
377 770
564 530
975 1
510 672
509 593
259 908
280 433
859 199
223 340
173 959
744 5
284 504
967 853
99 427
463 650
592 34
565 138
203 121
811 262
613 702
834 189
892 363
71 70
655 20
731 556
368 961
804 882
250 39
791 830
11 942
1000 619
784 680
718 801
390 780
743 438
602 594
876 85
847 828
400 48
292 486
258 178
870 575
450 476
418 588
11 679
818 45
163 480
720 995
629 93
560 636
653 253
201 134
577 953
738 487
903 373
392 941
254 157
201 279
37 761
497 696
261 565
745 338
712 869
489 44
680 451
148 217
258 127
129 117
558 292
431 874
646 690
510 453
186 391
522 381
426 406
686 456
447 508
108 820
380 945
717 462
348 407
439 584
389 435
281 602
46 986
485 282
94 754
374 17
333 342
337 787
836 371
347 326
846 940
960 875
43 65
251 930
124 172
422 487
687 601
446 489
303 352
285 821
658 305
623 299
293 282
792 407
795 968
670 408
468 784
485 734
498 678
452 298
481 667
338 772
56 257
807 758
47 77
729 30
572 619
434 130
36 722
329 424
773 691
978 967
460 626
923 74
874 756
32 873
416 520
201 870
718 829
633 875
580 806
965 393
363 22
495 765
593 857
633 980
237 994
909 149
931 677
105 202
348 785
779 617
745 76
811 799
342 647
296 763
542 664
377 106
607 622
538 398
956 310
315 422
318 971
549 417
382 498
222 667
315 279
633 272
372 300
582 427
106 496
453 621
111 897
591 139
538 773
486 495
862 858
287 546
924 669
444 983
29 831
68 987
270 571
878 899
501 839
750 266
343 176
293 587
774 10
262 830
637 172
588 496
863 702
830 614
756 526
815 699
137 32
263 672
414 532
690 141
886 612
14 201
274 10
167 469
834 114
636 202
765 554
70 672
127 465
283 708
320 355
947 958
947 47
985 224
329 324
681 255
520 59
598 340
801 566
269 120
239 830
577 431
960 465
979 367
286 645
897 544
36 980
143 976
222 827
13 452
8 323
787 741
900 588
633 97
447 995
339 234
33 811
784 45
699 346
737 3
115 915
262 444
490 149
779 371
1 215
241 746
573 607
907 783
860 237
989 399
917 82
133 579
137 640
253 500
859 355
318 336
417 97
592 689
336 127
686 627
214 368
324 720
695 483
536 24
609 614
778 509
708 894
690 801
450 26
87 339
522 881
39 460
455 773
161 276
535 876
624 396
960 962
378 347
51 307
714 721
169 860
248 835
464 640
764 283
236 156
734 679
735 138
28 889
235 860
198 352
880 407
274 272
576 944
425 900
669 697
175 48
438 642
274 675
723 560
818 804
122 425
362 504
18 668
511 217
3 112
244 964
151 408
748 436
586 427
793 723
791 104
463 11
912 207
606 953
292 161
995 610
866 165
545 836
591 915
683 389
14 861
295 544
261 720
484 495
410 470
728 581
124 598
474 645
940 938
334 169
941 511
357 200
565 563
253 39
56 605
863 818
334 216
962 513
234 404
627 151
898 581
383 821
423 418
636 853
233 852
768 121
767 659
861 371
792 111
523 193
63 24
212 838
543 258
164 929
471 295
54 501
319 348
61 551
689 603
834 873
696 890
665 513
179 185
985 284
329 704
904 214
43 770
652 940
928 204
606 577
360 926
956 196
53 421
296 422
630 417
902 592
568 18
587 478
92 848
293 71
260 144
833 114
227 479
246 41
715 114
260 807
111 252
765 820
467 232
627 783
60 148
776 349
265 984
363 45
342 262
766 637
32 556
343 916
658 944
623 936
370 850
814 215
28 600
475 437
735 563
738 373
278 912
847 58
25 119
248 104
488 951
445 519
693 721
175 878
470 618
720 657
241 515
719 786
65 765
275 405
656 748
472 745
78 313
65 622
350 321
321 618
280 145
114 245
266 286
968 908
626 152
368 616
760 558
156 353
806 549
251 933
345 168
685 589
635 795
281 996
393 226
655 254
752 605
18 145
576 683
677 483
480 943
479 499
728 389
446 712
658 464
87 750
41 466
474 818
669 752
583 910
191 997
990 916
368 131
577 81
117 264
852 861
835 218
791 946
282 238
361 623
857 438
986 662
37 463
779 539
744 214
664 493
197 386
469 749
219 758
224 288
480 154
795 341
961 589
605 182
699 305
75 763
409 3
174 253
987 634
236 590
20 739
884 994
187 114
633 166
254 190
918 895
206 61
983 863
529 572
824 828
241 606
186 41
979 748
121 724
638 915
570 987
229 424
436 689
276 26
885 538
128 381
651 126
615 385
802 254
768 946
452 443
328 873
916 106
320 777
603 502
437 442
846 798
522 112
414 358
678 631
424 902
243 628
218 340
428 738
985 299
968 567
570 983
204 121
795 550
173 902
913 471
682 156
77 598
190 911
910 388
532 510
152 634
57 986
701 257
441 635
995 60
557 861
523 725
622 893
368 80
95 135
170 746
463 867
195 821
749 390
92 911
693 703
28 371
804 918
178 160
594 728
946 93
568 663
183 774
511 181
407 862
572 780
491 841
607 431
353 936
979 76
980 243
602 813
841 83
546 493
388 445
991 925
997 592
901 794
600 637
300 151
984 532
290 157
236 961
917 480
591 249
573 606
388 754
913 266
580 364
117 557
309 272
940 86
633 412
923 800
484 298
584 248
785 839
59 678
480 593
120 440
671 343
113 657
534 693
479 998
501 858
690 847
678 512
328 532
826 383
96 528
939 52
388 822
303 453
86 959
270 310
422 477
617 291
359 882
711 473
750 1
311 975
574 979
351 478
994 702
8 95
136 20
981 932
29 503
236 157
308 306
113 174
887 478
100 568
787 836
132 679
592 284
114 592
205 87
957 225
13 180
804 641
187 641
959 723
302 178
343 770
986 735
311 288
683 661
444 135
391 838
47 346
782 747
913 904
164 6
184 700
663 60
371 506
762 233
447 945
763 528
755 608
629 71
13 376
491 962
884 939
55 757
288 508
457 967
612 797
135 58
966 704
128 780
538 971
579 487
720 389
492 802
293 863
565 675
901 673
243 353
760 821
564 621
713 103
153 297
223 432
918 752
364 522
185 393
596 941
321 345
216 561
603 175
844 147
493 59
114 432
596 796
298 59
454 492
381 646
61 351
997 460
212 660
13 613
216 335
878 321
221 962
626 313
330 842
863 36
97 589
562 529
544 12
69 559
614 837
481 351
173 513
305 649
911 707
606 233
553 483
610 244
908 843
396 183
329 236
681 71
634 97
211 144
896 818
145 258
611 915
209 358
600 160
379 995
710 101
378 530
16 113
168 332
153 184
270 993
325 410
817 84
720 771
607 645
297 778
48 128
728 546
750 931
567 59
353 991
594 119
27 480
150 441
979 723
73 700
41 572
64 809
157 260
323 36
860 325
977 39
500 596
696 569
548 570
586 757
971 577
958 857
428 616
285 17
588 462
609 941
955 665
336 215
384 312
845 330
170 66
468 675
385 837
423 901
118 295
320 490
583 875
342 831
56 404
569 179
687 697
323 517
692 225
584 938
571 147
313 660
737 143
585 748
251 480
535 746
334 921
504 964
499 230
305 693
148 869
777 414
611 209
417 844
269 931
679 664
774 896
60 40
596 202
450 899
140 80
322 879
362 320
537 540
495 620
315 218
616 791
737 197
196 719
224 144
434 5
561 311
409 2
893 762
896 572
954 366
851 218
279 605
414 444
110 623
611 762
633 278
211 746
971 958
789 1
77 303
370 315
150 581
633 391
682 494
840 39
120 230
25 797
599 797
234 493
163 939
521 605
677 834
896 23
429 639
702 495
635 984
800 125
963 961
397 539
116 821
133 33
191 255
882 764
485 542
177 805
489 987
734 943
207 821
373 605
744 95
748 639
730 30
452 174
492 189
916 687
497 337
743 573
29 274
718 37
786 239
296 383
630 494
830 252
725 394
283 107
322 399
251 287
952 874
181 632
528 969
568 499
916 892
97 998
259 19
23 474
631 865
390 827
710 368
221 349
828 235
101 807
508 815
849 813
870 965
504 190
733 339
844 972
443 45
279 387
942 65
413 653
440 789
576 771
810 863
600 263
28 816
620 954
180 863
487 365
14 839
73 393
491 630
774 537
44 254
945 77
653 404
927 53
15 911
668 939
301 890
528 194
345 698
487 595
486 265
211 629
638 908
950 24
972 576
883 39
290 91
3 769
741 397
355 606
561 799
323 252
786 764
553 117
935 477
276 174
225 770
137 352
212 812
626 846
623 4
557 508
261 207
502 701
656 979
821 7
381 624
761 958
742 523
604 552
643 840
535 878
121 27
954 523
401 400
26 842
78 643
303 282
470 313
94 695
428 997
895 621
970 436
97 544
904 26
528 934
929 697
416 852
400 297
492 71
75 233
369 916
959 589
700 339
648 494
300 673
743 399
178 69
162 862
143 897
593 790
444 128
407 780
157 985
467 97
378 652
841 364
473 688
495 567
702 380
761 69
279 310
466 475
582 53
896 710
382 223
753 548
644 669
415 39
145 583
996 814
262 414
942 204
948 933
336 138
872 995
641 336
590 877
93 683
632 35
371 57
305 411
968 37
367 45
333 77
940 59
98 818
653 743
500 104
803 373
586 591
290 384
704 670
786 736
129 951
506 613
17 950
694 872
60 780
423 130
302 901
68 563
752 676
934 266
242 250
852 647
319 834
198 529
682 121
220 773
208 837
501 448
394 742
967 231
754 240
62 179
356 596
468 878
964 811
434 266
861 657
623 502
888 817
886 844
781 496
290 285
148 979
166 300
762 953
155 29
451 866
658 140
382 910
293 167
478 381
170 562
468 179
930 984
202 99
19 683
576 188
95 508
960 27
463 120
843 502
461 615
481 169
724 83
562 82
588 33
983 742
274 822
25 452
909 529
357 935
659 901
789 266
375 690
763 867
832 867
119 877
870 239
953 529
315 268
712 872
395 436
215 303
733 814
145 752
923 890
836 201
233 20
305 391
767 595
510 355
6 153
615 415
618 385
771 535
51 768
626 948
936 654
951 858
211 922
964 292
87 55
72 372
845 103
864 222
597 163
466 692
413 475
920 160
539 821
132 74
480 888
636 451
450 64
267 698
195 201
1 319
8 314
172 245
915 103
644 367
135 882
204 166
904 244
626 607
545 230
998 824
506 458
476 742
554 150
616 205
890 308
618 871
35 801
161 622
492 120
517 409
222 401
739 9
278 391
616 348
30 792
397 11
666 628
114 921
528 637
1 659
59 389
611 208
948 601
809 245
279 78
830 541
136 617
363 1000
202 841
396 43
533 742
74 221
870 937
746 289
858 929
654 414
896 654
536 442
379 328
580 988
82 211
230 91
802 568
399 666
236 584
898 199
963 503
505 537
785 575
196 965
276 454
48 173
823 944
111 898
376 921
315 758
744 388
472 711
270 574
988 791
111 96
811 886
708 246
156 554
241 725
307 567
698 428
501 757
372 739
377 831
780 698
195 362
252 393
364 595
34 980
254 715
625 415
422 6
10 810
95 685
364 881
166 59
578 475
301 751
130 584
151 802
858 220
282 959
853 68
895 985
142 163
459 356
490 402
26 440
961 227
206 389
1000 535
880 509
41 93
957 87
135 767
282 849
501 75
88 224
905 744
865 504
774 978
705 151
870 619
192 78
763 409
1000 821
163 697
349 56
758 156
754 847
774 764
461 559
867 564
112 531
187 35
870 804
687 502
279 413
874 171
710 829
427 697
242 255
734 954
608 898
130 232
946 492
470 912
272 513
310 201
889 520
708 992
655 719
693 440
806 873
132 648
480 595
389 359
427 60
216 825
177 533
345 603
522 131
932 390
92 427
180 259
648 629
137 857
426 143
281 640
161 490
180 434
254 743
612 413
299 292
694 687
982 89
75 317
78 640
192 639
681 741
490 892
308 397
660 730
848 138
777 386
834 85
321 14
160 396
307 207
479 309
834 196
619 614
710 435
956 636
627 903
26 412
763 327
636 454
50 294
69 474
394 948
787 951
8 84
60 243
44 776
151 36
389 767
305 764
252 823
880 104
952 613
598 41
224 396
713 930
407 783
763 421
981 486
715 262
908 758
353 89
743 364
748 454
866 793
596 114
623 462
747 6
73 475
185 753
496 990
116 479
620 544
727 585
125 279
254 101
456 60
989 206
813 32
853 879
56 753
552 278
742 114
447 375
533 210
627 235
112 876
8 963
244 345
124 311
694 79
953 327
384 966
257 328
777 913
962 399
444 922
472 703
586 735
399 150
458 894
938 420
941 559
357 312
950 263
399 7
117 643
413 359
808 855
55 982
372 842
156 143
766 852
367 593
835 483
711 332
34 235
386 567
204 786
846 737
307 43
421 31
49 928
382 572
442 753
273 210
930 870
93 296
972 493
757 833
350 425
709 750
952 513
330 189
663 237
26 146
780 271
552 574
453 49
628 577
905 798
782 628
736 418
421 548
874 710
542 672
713 86
275 911
554 654
214 261
154 784
468 622
653 330
852 175
90 658
367 354
614 225
997 743
91 356
680 455
116 209
903 23
104 761
985 784
162 896
859 891
804 266
629 925
405 867
390 249
926 479
431 999
877 627
803 272
110 290
989 613
58 185
526 40
279 205
120 498
928 559
424 448
517 947
134 141
551 212
590 266
433 357
595 752
890 736
699 965
747 989
843 666
539 677
481 957
544 733
545 116
125 562
255 615
360 94
113 10
96 824
868 142
88 888
434 348
90 266
442 947
960 700
498 599
317 497
708 742
344 401
821 897
952 848
311 727
810 146
830 849
423 741
264 370
49 972
356 728
692 146
624 888
700 677
701 220
619 183
28 362
191 750
452 558
217 423
952 942
506 702
131 115
524 714
317 836
46 130
969 365
471 425
199 672
644 819
295 929
481 91
409 230
620 13
483 485
719 270
261 115
338 215
466 416
676 243
254 451
76 935
330 435
757 488
73 98
301 114
344 747
6 275
888 488
764 651
272 407
951 73
699 16
607 763
81 793
427 821
637 356
659 894
388 173
388 680
595 848
335 597
185 884
836 445
730 728
214 505
685 848
447 109
143 164
219 450
241 270
613 62
294 355
96 742
134 504
467 813
85 358
530 437
735 577
203 807
375 509
412 105
911 65
151 972
797 786
139 908
928 247
32 60
711 276
53 410
38 70
26 534
924 99
636 821
326 333
218 586
221 697
274 106
98 164
960 311
155 87
431 130
948 280
142 71
843 194
351 955
634 197
31 569
553 847
734 120
169 288
120 690
147 815
411 495
276 295
182 558
473 602
59 273
652 266
281 444
951 68
550 681
649 712
689 779
490 14
644 565
349 473
225 235
372 110
634 377
706 794
211 424
75 737
535 590
47 688
603 619
654 661
197 790
91 319
550 794
111 816
827 99
976 615
3 613
707 985
128 327
998 200
339 445
512 729
162 478
788 382
367 11
479 717
336 341
723 291
483 518
944 20
750 712
399 268
368 838
926 23
177 532
713 426
517 634
334 132
777 965
6 497
798 109
87 254
579 609
54 493
419 672
114 56
960 824
925 661
730 990
267 628
821 5
441 841
650 191
137 64
781 663
998 743
512 180
844 249
385 786
481 997
696 64
809 743
366 789
803 299
843 896
679 286
813 808
551 512
875 499
657 836
144 913
986 952
326 425
885 519
660 569
136 373
31 278
28 291
652 534
430 379
178 240
126 522
217 366
223 723
19 544
203 271
502 281
783 546
363 69
36 869
350 349
524 658
675 518
732 557
58 524
365 640
594 586
907 448
407 895
267 264
69 140
783 704
849 664
940 753
490 724
842 287
62 898
953 763
224 969
97 317
355 661
82 43
844 759
928 951
876 577
128 783
499 238
773 573
64 593
836 215
451 115
215 250
932 706
974 125
197 556
658 786
608 141
475 902
688 53
938 601
52 388
180 369
418 314
972 796
81 412
176 488
551 819
721 76
318 82
446 103
527 314
308 916
511 583
94 565
114 431
21 609
155 723
947 687
424 720
955 860
317 379
155 320
346 6
877 99
787 135
44 37
134 424
339 524
325 545
346 588
147 661
411 24
195 865
839 56
819 256
611 41
61 88
725 347
429 916
66 974
286 807
17 18
514 302
924 546
147 627
847 706
173 399
799 623
140 216
693 950
572 315
240 820
922 934
541 752
411 471
892 804
896 821
589 920
368 977
3 225
710 88
325 502
420 286
192 341
157 733
220 99
277 228
318 976
282 330
466 223
470 767
714 329
388 182
721 595
331 907
353 695
997 742
690 718
529 596
732 117
864 37
591 178
632 65
836 203
910 854
305 389
989 499
906 586
485 180
610 374
396 939
682 608
542 140
765 661
115 312
959 493
548 692
823 530
221 147
280 402
355 886
726 347
673 77
968 543
626 231
338 991
203 148
427 434
895 737
873 902
329 736
921 996
777 72
462 856
213 94
783 166
683 786
170 355
528 849
559 645
880 324
122 812
544 43
321 870
583 906
820 328
558 838
294 659
528 639
335 861
934 835
222 177
630 210
102 475
877 395
878 924
535 522
818 123
467 27
231 18
673 756
844 939
719 963
560 654
500 209
27 707
711 882
141 375
755 605
165 625
372 11
79 639
135 751
755 714
279 606
529 935
694 379
328 32
827 70
531 257
495 597
45 253
304 57
305 336
894 402
162 443
716 886
704 570
637 369
102 833
267 796
140 614
417 239
293 788
457 766
77 189
314 337
445 697
427 978
358 686
860 292
815 864
281 569
618 370
565 777
416 272
74 788
935 395
168 901
925 145
513 791
591 714
372 796
85 357
123 158
674 770
933 567
899 763
863 714
994 551
276 602
31 338
247 49
982 76
180 254
535 948
863 347
900 215
429 583
977 972
321 838
485 765
877 43
914 55
424 311
78 836
83 602
389 999
999 536
160 465
624 790
531 194
829 441
170 726
833 62
691 392
469 314
809 53
576 984
796 213
291 903
956 915
994 103
192 64
374 376
654 350
913 928
623 895
183 770
656 729
989 512
15 750
571 445
611 940
174 869
10 583
743 219
488 725
841 87
221 237
206 323
68 352
659 959
605 7
491 619
767 752
409 908
478 346
875 271
383 574
901 919
677 951
475 12
974 102
703 620
884 444
543 503
712 49
626 619
682 959
485 204
90 796
732 323
436 768
733 566
113 661
419 722
938 462
262 908
531 693
972 786
959 37
502 688
807 113
631 365
479 128
468 631
51 393
843 677
536 827
138 635
74 637
347 675
132 93
852 588
855 587
469 252
680 597
654 105
359 733
655 464
269 181
114 588
481 311
498 751
125 283
454 2
274 668
772 163
717 34
524 572
869 861
467 245
89 683
737 727
109 381
690 231
340 476
179 854
418 546
454 300
23 217
301 407
676 165
953 792
145 683
130 1
98 653
597 677
581 224
213 684
736 375
769 184
157 617
752 763
567 162
272 321
242 595
263 125
799 95
380 709
287 907
515 428
722 88
758 698
803 489
557 170
353 628
944 49
414 149
626 911
475 501
849 244
703 785
279 981
906 450
366 93
774 68
156 491
232 1
592 801
760 535
126 911
998 561
912 920
531 830
954 699
4 838
904 332
9 40
467 740
964 624
604 527
218 382
196 441
7 329
27 412
544 290
803 147
300 213
986 891
141 488
753 92
971 229
750 238
77 538
578 1
131 715
492 276
624 719
164 610
40 912
488 884
961 56
305 572
36 676
330 985
294 884
255 723
863 285
622 680
914 289
743 428
468 190
896 903
951 675
938 570
102 7
791 457
782 715
92 12
291 812
535 17
810 752
25 344
387 321
874 463
624 282
642 473
845 766
644 639
79 58
686 22
490 917
871 46
694 493
14 915
662 15
130 148
119 741
706 835
324 98
784 249
144 344
533 786
457 999
276 301
166 969
758 535
870 125
460 479
436 555
563 984
606 587
55 451
719 872
595 182
620 634
157 367
863 589
552 643
898 435
663 625
354 895
851 401
983 148
452 332
773 438
721 909
205 52
730 885
330 757
640 149
474 55
627 487
849 97
885 803
579 392
817 515
211 780
360 178
825 8
951 217
55 903
631 420
618 561
949 439
218 163
555 32
833 390
617 511
928 382
378 301
605 954
401 274
19 159
576 672
541 499
433 641
786 135
476 737
113 153
170 352
322 423
39 582
264 372
203 377
648 474
27 55
355 386
891 820
710 264
287 489
969 642
737 686
407 960
376 258
709 704
16 435
658 894
805 253
753 644
287 668
259 217
667 244
705 313
965 999
97 41
975 178
374 575
582 112
947 405
698 533
129 278
37 421
330 433
442 215
478 521
483 929
870 831
177 34
965 25
15 774
631 371
469 970
885 673
148 421
168 443
426 707
297 729
120 84
157 593
49 104
250 731
456 118
185 920
24 282
262 244
232 413
824 705
646 654
23 709
546 274
712 22
968 96
915 603
516 986
850 892
707 797
485 215
986 332
6 11
835 97
730 841
712 244
750 268
694 930
590 245
846 820
686 712
781 992
817 559
108 564
474 186
203 840
441 819
284 399
985 302
930 377
626 8
147 897
459 179
425 359
816 624
513 560
143 501
551 472
341 948
848 161
668 340
959 887
514 846
491 371
809 794
208 671
83 605
725 406
563 295
265 680
764 380
144 951
285 480
787 815
661 842
758 326
207 452
828 28
737 601
187 632
117 503
782 865
581 489
528 747
589 974
718 658
184 677
800 715
975 225
705 261
192 240
600 237
620 144
453 247
400 909
476 184
956 242
25 272
758 770
596 89
780 416
818 239
547 439
368 56
35 235
738 340
573 375
353 796
27 607
283 969
909 917
159 74
948 973
272 358
382 385
615 109
370 456
280 992
823 374
283 791
50 566
159 360
237 632
354 948
392 585
584 253
644 603
90 874
173 194
671 839
487 813
440 452
132 538
635 523
172 779
781 947
263 476
759 682
925 116
674 180
821 3
109 497
642 662
807 112
20 715
337 750
998 741
109 386
971 363
699 728
243 708
136 138
997 467
856 537
485 655
215 634
386 558
167 503
688 550
252 765
53 508
238 952
222 477
994 298
36 304
982 385
574 129
265 597
140 423
911 746
435 293
771 351
459 33
299 882
934 904
258 169
386 914
687 192
602 1000
966 121
823 384
420 405
770 746
23 216
525 54
736 409
257 784
455 909
314 867
991 623
886 339
407 750
88 396
396 381
14 948
618 775
699 380
189 64
444 593
248 82
46 261
549 402
976 694
166 930
371 140
211 311
429 276
766 7
381 123
153 767
451 117
824 761
271 646
73 651
243 247
885 556
246 810
965 388
57 383
556 103
885 733
262 990
245 830
712 189
915 768
609 555
719 602
623 62
842 947
440 79
77 934
635 900
450 120
534 948
789 48
9 47
7 588
854 465
983 311
939 309
687 563
947 734
142 124
612 146
62 183
795 771
333 832
173 747
834 295
212 375
606 130
35 662
398 772
202 218
814 396
585 315
141 30
179 151
736 744
827 515
921 586
729 293
822 794
199 697
258 141
403 844
245 11
681 475
461 611
170 848
870 897
46 71
175 417
268 197
14 993
460 553
951 320
864 362
884 869
978 286
872 805
102 238
747 231
715 517
866 683
317 737
841 704
231 863
824 951
987 389
469 934
86 743
510 274
205 320
131 613
171 688
153 477
447 263
656 452
987 306
200 64
418 11
862 982
665 58
171 705
867 956
439 674
510 272
162 4
147 424
628 183
223 765
557 141
685 984
264 766
228 773
431 992
566 101
90 802
822 19
312 344
385 412
578 527
907 340
119 429
289 120
109 559
451 710
113 860
294 491
404 287
688 162
235 842
604 974
333 288
651 647
599 197
656 799
824 209
792 367
351 396
838 918
674 879
161 256
859 425
968 875
900 253
705 835
378 157
244 446
626 455
151 794
924 26
468 910
228 6
494 734
614 907
486 542
179 66
877 359
438 733
899 861
493 606
995 996
944 538
212 506
196 903
970 170
438 588
701 74
520 963
589 933
466 381
361 593
969 274
37 322
291 713
151 478
373 218
429 152
641 976
386 205
850 422
870 941
232 849
139 271
647 671
550 531
75 336
862 257
774 679
633 63
248 27
362 111
823 711
131 560
760 182
651 313
876 628
770 393
82 497
837 367
414 48
56 684
637 471
985 881
768 793
306 888
722 176
81 56
959 301
82 275
30 115
694 10
915 971
24 594
114 128
356 276
262 934
121 824
933 723
347 266
295 42
11 499
34 816
537 268
20 259
403 125
964 570
217 859
697 97
740 1
338 961
392 121
213 399
62 252
393 401
843 921
146 75
459 912
62 335
51 250
717 529
867 124
333 776
541 483
234 503
325 904
843 199
274 694
313 804
209 907
819 110
559 687
876 5
623 776
701 110
813 628
192 66
72 568
22 154
410 168
527 583
642 495
421 616
636 245
267 382
123 792
362 48
590 632
537 364
461 700
851 12
796 667
525 499
875 882
718 476
955 58
831 711
957 904
104 534
376 219
585 41
519 362
498 274
633 309
232 506
505 938
224 782
25 851
855 291
713 478
881 940
699 799
208 274
778 130
863 997
313 57
821 401
53 7
60 869
893 319
273 756
626 218
254 747
935 62
403 409
722 585
393 211
216 458
76 78
739 790
905 72
190 962
262 575
764 419
583 665
394 719
666 870
644 291
39 299
744 975
84 432
873 749
623 473
365 313
176 521
244 702
373 862
744 862
433 601
485 864
956 851
502 237
216 876
734 456
274 666
688 916
767 256
52 968
335 436
908 812
446 887
628 617
477 67
864 892
68 416
619 195
73 78
499 292
689 820
230 404
417 617
546 518
549 401
292 910
732 326
44 223
615 144
219 835
827 576
884 87
775 992
797 552
285 372
936 520
479 546
169 302
10 189
746 227
394 220
534 483
324 285
904 740
519 108
724 734
449 740
90 254
676 601
774 346
973 9
815 794
82 618
319 107
855 518
802 403
696 658
20 340
983 55
355 863
946 870
375 128
323 509
434 954
422 499
207 891
946 761
820 162
487 729
403 290
318 179
841 263
659 85
403 659
647 908
247 695
126 843
675 734
579 635
674 669
235 817
808 407
311 636
277 700
705 49
465 820
246 83
429 913
88 45
89 276
584 292
2 108
830 923
619 868
240 687
378 826
520 841
494 908
758 169
409 270
118 776
823 487
932 870
58 559
258 61
496 528
760 445
120 860
638 418
838 160
767 26
228 841
351 427
944 659
118 554
525 426
49 497
72 814
453 351
685 164
867 705
82 123
210 68
750 826
562 17
737 189
738 622
831 543
10 383
151 557
675 5
76 748
315 368
98 864
376 898
983 801
361 210
417 192
110 439
827 285
615 410
485 177
17 875
994 845
318 275
485 258
330 477
142 541
9 360
137 419
798 936
546 65
855 201
582 771
713 752
878 154
147 246
664 396
427 294
602 216
570 826
578 321
142 942
734 580
147 993
262 519
800 954
542 337
296 393
815 370
598 102
411 72
503 486
307 11
845 527
978 812
328 950
389 529
89 207
31 688
639 559
955 51
643 306
437 773
900 419
26 464
212 507
361 967
52 620
662 749
844 704
974 691
407 962
376 260
270 883
452 697
771 39
259 219
26 242
889 74
47 280
5 457
783 660
68 248
404 555
667 871
42 583
291 91
438 798
790 99
277 148
372 22
338 98
728 604
913 628
21 159
315 446
348 190
538 922
157 448
174 486
451 191
551 688
771 624
738 741
975 752
867 987
550 686
634 946
438 499
569 625
197 592
52 849
665 390
149 285
410 631
821 267
509 719
536 405
711 716
434 251
772 592
403 15
646 57
663 885
498 179
579 102
156 301
232 91
195 337
436 77
219 375
989 871
5 208
812 736
962 149
764 41
485 536
103 985
181 831
759 486
606 326
359 980
749 204
886 157
687 746
485 762
200 870
754 309
458 374
166 143
259 379
77 544
354 167
680 523
900 496
633 557
939 538
809 971
869 981
179 161
164 267
22 936
294 690
456 585
679 549
477 973
39 842
335 339
80 889
871 317
433 367
126 555
399 950
556 123
884 696
791 92
726 627
50 240
641 563
348 973
554 544
576 104
650 803
121 189
585 206
452 947
662 90
974 984
709 525
973 830
624 435
988 140
310 416
758 546
194 649
784 195
223 790
663 725
580 341
747 460
152 220
210 302
229 18
474 459
391 434
955 392
689 292
581 734
362 516
26 179
721 971
573 938
869 93
971 527
167 2
80 108
868 925
294 586
195 333
712 353
397 569
203 886
973 326
299 283
165 769
676 297
52 113
750 8
471 633
631 287
812 603
776 506
592 245
756 776
351 84
214 167
584 921
781 454
620 306
251 305
52 774
62 507
190 652
908 975
784 581
178 236
913 103
566 827
795 71
652 452
297 455
308 831
630 25
724 90
415 271
940 606
84 996
585 793
123 950
993 44
386 178
64 280
983 585
892 994
732 847
555 974
126 519
222 569
427 595
357 798
444 706
676 789
823 70
80 214
766 148
271 640
272 610
20 896
576 114
793 128
172 203
889 559
102 780
894 312
862 794
385 438
8 599
25 991
983 98
915 770
237 781
403 71
976 443
209 372
982 169
625 644
859 222
976 18
248 905
7 590
838 936
699 759
307 784
534 805
5 441
579 860
337 601
947 800
765 633
947 726
813 493
702 26
193 58
503 285
493 743
131 380
726 44
869 924
84 324
545 830
839 52
507 951
260 815
456 562
900 351
259 81
832 189
65 258
598 404
430 10
749 728
715 328
273 317
95 506
200 71
836 748
446 784
654 277
179 951
410 209
947 594
170 862
231 123
306 270
309 925
571 486
440 868
883 568
41 971
962 953
634 330
390 751
470 640
550 580
864 475
49 65
73 331
71 816
555 699
421 769
888 64
928 983
448 737
106 389
567 48
555 712
681 917
918 986
902 319
341 767
381 142
93 570
816 152
696 593
94 872
591 476
480 528
821 847
730 880
752 792
859 28
896 2
716 643
357 327
105 502
323 331
108 979
513 783
697 218
772 524
971 836
191 192
267 688
308 44
68 90
764 117
489 881
237 19
162 3
207 719
673 419
344 487
659 112
588 58
716 71
916 513
386 532
959 941
247 847
714 608
930 677
425 955
387 4
450 542
634 170
691 33
106 515
572 631
218 661
810 262
49 673
632 218
468 221
532 645
926 838
509 424
224 312
595 283
512 805
417 679
879 979
37 418
130 196
477 315
704 225
931 906
509 138
847 230
171 513
295 178
232 625
36 381
167 725
115 220
760 39
744 318
689 93
222 178
158 936
500 604
811 590
704 574
487 949
237 546
955 367
928 721
627 87
555 466
354 753
150 702
673 123
191 6
198 806
595 546
725 607
394 503
60 818
264 983
787 485
293 340
167 383
226 665
892 794
925 399
179 277
787 82
519 131
705 813
189 372
192 664
928 12
469 228
108 356
550 151
552 879
660 691
973 532
17 907
632 985
999 613
726 807
770 517
402 385
919 164
667 439
706 339
264 791
84 227
288 504
753 724
465 908
157 974
909 95
348 863
149 666
442 404
244 792
649 610
227 586
583 281
664 431
383 375
990 293
386 211
814 23
892 991
534 150
882 913
210 122
448 523
620 945
768 554
452 963
568 876
628 420
573 485
465 328
484 508
121 414
439 884
298 632
318 639
765 206
710 721
987 380
4 806
183 371
497 968
314 142
16 636
509 865
594 457
123 829
889 152
844 862
52 429
713 429
399 184
439 651
744 373
808 739
161 115
660 19
556 924
761 982
498 212
228 61
485 426
161 492
825 69
830 470
99 296
1000 445
216 460
507 223
488 612
368 263
385 789
407 464
744 930
730 253
108 313
130 951
256 742
783 909
702 127
636 231
432 417
459 957
130 550
807 800
187 955
160 38
575 324
969 637
531 25
74 347
97 938
776 219
212 688
833 30
787 131
710 452
864 420
505 46
359 447
400 206
149 589
938 578
278 163
819 509
309 791
952 730
868 382
496 758
371 450
979 131
762 241
672 745
395 850
477 596
331 644
698 778
664 728
737 38
923 585
528 7
132 852
625 873
664 583
6 906
580 315
799 91
358 343
591 165
376 872
323 931
811 918
205 443
264 595
210 275
530 818
451 7
949 780
417 171
20 112
865 523
105 136
91 173
241 376
150 870
778 55
247 294
881 680
474 206
39 26
955 629
621 678
199 336
994 394
951 902
194 112
431 269
68 585
716 461
188 524
919 552
540 692
427 474
428 817
468 774
765 632
490 858
270 52
199 118
990 647
928 650
406 564
632 819
635 84
680 565
753 33
694 791
520 414
419 446
201 743
520 109
770 539
583 50
344 217
368 239
39 956
944 984
942 311
431 190
302 214
838 388
607 201
974 708
520 843
95 485
903 568
339 79
605 312
888 756
500 250
637 903
144 446
936 170
410 273
770 49
739 512
542 565
139 194
379 729
775 784
949 861
163 200
111 774
367 205
702 959
810 929
480 324
393 627
653 469
840 164
828 605
318 259
180 572
931 348
976 947
146 527
367 191
349 960
635 583
392 403
210 390
768 94
208 242
392 354
68 655
696 688
678 576
897 495
225 826
96 720
461 488
103 951
566 309
234 802
56 190
310 759
294 200
338 984
324 823
143 413
739 848
777 115
579 827
946 618
251 154
122 755
701 500
648 224
227 405
9 810
964 886
804 995
823 512
899 817
939 560
300 972
496 449
762 996
523 910
13 244
895 768
270 450
11 543
302 242
384 153
304 428
321 564
451 613
359 84
72 622
309 847
615 871
634 508
429 38
823 378
936 134
974 962
956 345
650 924
888 383
870 819
211 402
560 600
267 420
140 942
658 687
550 609
899 685
441 409
153 13
46 320
274 824
641 352
436 612
533 818
314 893
755 894
721 690
225 419
903 224
814 837
266 231
653 505
489 502
966 512
200 127
515 488
989 967
730 78
667 677
871 957
105 38
305 420
513 223
163 962
955 796
121 844
214 499
95 532
800 540
323 153
181 27
384 819
556 953
544 529
466 659
881 368
312 85
994 945
497 111
688 464
30 675
161 432
289 379
20 509
811 410
761 795
355 998
321 138
998 844
215 594
875 878
759 401
227 32
725 372
223 943
294 85
169 255
705 989
192 776
692 205
880 568
515 588
808 450
648 107
425 918
687 970
445 459
661 681
140 447
783 423
916 772
10 927
209 904
412 555
673 373
718 871
810 402
575 918
296 404
254 263
623 890
718 662
145 251
615 907
927 287
464 602
991 900
888 411
816 392
799 209
34 461
642 12
36 259
20 648
949 533
785 540
237 739
201 422
278 546
686 415
449 620
746 138
105 2
858 448
986 665
238 294
718 108
594 454
703 760
869 192
929 299
821 365
768 919
841 615
459 484
78 382
63 238
694 900
109 348
128 357
38 984
137 505
229 835
32 257
820 858
547 674
989 841
636 473
334 238
8 362
885 904
318 11
673 8
30 671
753 218
401 333
786 442
648 858
190 961
981 826
268 955
588 236
809 745
238 973
277 963
403 376
76 580
710 517
853 240
322 376
327 233
184 265
226 924
544 505
321 944
710 426
108 472
532 522
350 37
355 519
891 771
801 639
285 646
127 964
1 675
398 991
113 391
575 549
808 328
507 651
109 595
117 120
49 744
536 759
344 796
457 3
979 130
376 429
376 527
362 128
823 269
989 37
554 514
150 217
361 328
841 118
719 125
559 740
391 54
822 796
737 700
115 230
352 244
850 143
888 38
263 120
379 685
286 171
548 218
879 744
680 466
220 443
668 903
835 808
508 382
570 481
872 649
618 405
941 141
419 612
718 72
480 630
997 63
472 646
237 890
315 915
684 191
535 443
229 790
581 577
313 203
540 542
834 895
46 801
432 727
859 208
401 408
735 429
158 4
686 887
233 525
476 875
129 730
721 126
385 880
668 361
857 160
132 62
226 817
523 647
230 777
213 53
734 649
330 883
956 643
354 109
781 488
297 487
38 275
539 282
61 82
553 977
446 564
784 675
235 963
821 584
130 301
743 427
504 800
144 145
30 373
916 337
66 746
620 69
785 330
383 441
795 323
724 91
672 758
864 366
300 884
429 82
250 593
987 616
625 699
595 95
392 856
961 665
379 728
340 578
932 270
186 168
730 300
335 969
12 476
345 841
197 1000
997 373
555 714
441 350
759 810
44 77
673 539
175 993
487 915
493 466
744 400
484 235
780 936
584 57
837 681
271 791
21 316
940 166
7 889
944 161
764 802
735 449
955 547
336 49
377 811
959 226
674 137
323 333
142 659
368 610
419 894
232 721
977 824
489 998
255 927
441 651
960 917
522 932
392 65
378 310
144 674
636 98
330 693
683 251
939 277
247 216
69 744
203 30
97 759
96 942
764 341
911 776
678 13
312 758
900 31
494 738
117 365
976 362
212 407
657 774
765 893
496 450
226 55
745 989
50 489
154 832
144 878
382 978
813 524
83 275
46 133
35 404
161 817
145 340
364 344
365 689
3 178
211 183
502 458
909 80
126 294
128 641
678 457
709 221
32 689
617 582
193 866
550 614
888 495
210 39
121 384
84 764
837 474
452 120
326 679
702 856
165 308
46 688
486 267
452 143
608 109
142 193
918 996
902 281
558 335
318 720
319 377
305 475
475 87
314 347
172 141
893 53
270 518
362 559
972 676
959 446
7 861
621 587
481 267
539 888
521 469
962 353
907 672
270 730
731 420
695 513
702 359
940 424
570 989
384 594
114 497
575 76
517 449
114 320
961 473
368 507
166 130
351 130
498 626
113 448
551 309
554 235
477 808
728 254
278 443
613 588
342 562
36 761
761 428
917 848
645 321
830 967
892 266
652 547
959 673
965 676
434 44
914 354
808 225
774 970
22 815
830 883
905 637
430 64
896 836
491 178
150 67
724 44
293 178
690 716
737 943
934 579
68 479
732 870
128 540
480 47
101 401
528 29
361 508
345 999
70 404
917 389
598 926
214 707
140 802
159 198
698 470
951 170
953 517
684 295
71 907
367 16
465 104
929 441
876 890
237 516
741 20
955 397
993 562
210 444
621 926
702 545
918 738
208 165
258 848
988 610
38 985
556 926
830 325
333 275
280 417
639 991
768 182
553 928
419 822
477 295
823 440
890 547
358 825
17 739
751 818
935 139
99 443
961 308
356 298
912 848
568 146
950 972
790 785
277 962
114 356
367 682
668 181
84 444
428 990
947 886
820 488
493 768
334 828
260 167
411 53
140 461
892 458
611 50
297 190
189 120
840 784
179 190
553 397
458 75
405 656
826 312
649 930
601 409
602 578
948 618
629 399
130 505
974 750
350 324
923 188
873 792
150 24
502 387
162 966
914 473
939 950
836 538
819 364
32 650
783 713
988 333
81 559
10 613
127 784
439 180
405 4
577 595
357 795
174 323
987 444
275 1000
112 646
598 954
488 981
287 881
716 805
3 582
281 101
116 197
262 177
102 944
197 900
459 142
572 688
385 282
360 446
965 399
777 921
508 93
881 733
539 947
665 748
719 545
296 705
690 873
506 618
768 227
237 778
76 136
612 298
228 467
750 202
496 974
411 834
448 524
18 160
716 463
812 570
941 858
200 610
847 772
166 865
84 464
484 618
469 154
142 240
933 811
440 908
672 75
195 870
930 783
786 163
147 523
98 103
939 615
339 883
934 862
94 11
463 210
325 221
36 896
810 619
944 937
743 315
357 716
474 714
909 101
123 998
197 403
499 663
830 761
836 638
803 99
213 729
487 462
552 77
1 473
614 447
154 233
226 977
386 260
779 436
284 846
329 549
163 859
861 272
275 629
521 845
208 432
871 923
159 303
401 831
202 782
591 296
191 944
172 170
270 555
453 671
664 242
95 562
980 469
363 890
487 880
756 75
73 900
78 439
543 747
807 166
521 265
831 303
105 388
345 181
218 173
56 64
721 306
906 452
601 996
566 442
38 195
593 376
408 72
304 985
122 816
616 310
635 114
435 66
769 870
682 449
603 271
195 810
856 500
31 700
982 372
222 44
259 33
390 853
946 221
288 479
516 223
724 410
906 945
253 606
299 805
18 731
663 9
593 853
886 498
562 412
567 941
165 745
439 478
296 856
31 240
107 406
236 562
145 447
49 17
675 293
548 61
110 650
493 337
993 218
296 630
299 197
724 862
566 32
779 578
628 498
141 939
375 726
390 435
547 76
271 596
418 40
76 524
78 70
778 119
676 703
76 611
167 820
595 969
447 4
968 245
751 202
493 326
149 394
78 352
190 382
7 440
882 182
204 398
21 704
753 437
885 769
264 843
377 966
949 100
54 392
191 468
441 821
906 361
856 916
428 725
750 112
825 159
26 892
498 913
194 164
494 947
321 136
584 530
330 726
167 457
726 88
783 131
861 703
78 847
293 4
425 916
230 929
433 385
765 768
572 404
351 931
943 47
23 757
527 300
715 388
577 443
151 392
282 201
304 513
93 153
296 933
463 59
653 87
453 241
643 77
457 226
316 303
154 190
954 672
767 222
7 521
382 56
366 669
168 270
131 642
813 418
138 968
157 670
874 144
515 296
498 85
745 389
693 749
716 770
756 3
703 516
334 89
894 433
188 784
612 578
940 73
137 652
964 71
73 610
686 30
389 366
814 577
693 304
163 625
494 125
835 67
854 749
727 81
927 627
568 123
275 504
593 21
578 739
544 575
462 590
892 7
587 627
364 680
882 45
294 135
355 2
161 338
703 190
190 967
610 530
521 35
795 908
874 911
981 937
428 991
390 322
985 46
507 830
147 641
601 254
505 209
982 333
225 309
347 838
479 333
797 565
545 903
175 196
602 720
142 311
607 65
41 160
4 316
870 701
728 102
268 505
573 66
518 845
765 985
128 731
808 109
439 401
885 65
279 328
652 294
527 678
988 334
861 248
206 311
779 685
317 446
567 778
41 445
318 828
712 743
388 406
755 808
228 521
559 599
671 905
528 137
893 809
299 629
695 23
970 562
920 355
719 925
206 64
443 414
889 578
874 93
803 494
772 871
275 713
813 184
629 896
104 789
485 152
789 944
194 520
337 913
543 353
693 276
715 384
401 636
758 646
155 909
686 667
321 421
726 311
911 227
643 769
419 981
133 111
708 981
307 788
852 760
263 877
587 381
132 56
688 760
818 523
854 181
753 38
573 755
687 799
304 796
602 261
341 351
821 549
967 396
364 231
882 612
706 68
338 454
72 742
74 92
771 462
106 383
832 32
999 140
156 618
164 45
883 655
477 162
978 649
678 248
934 648
486 3
848 377
306 413
89 987
771 893
332 669
595 97
228 606
279 562
546 551
802 925
841 993
533 795
223 965
885 488
707 520
101 313
358 344
585 484
513 327
328 923
866 144
82 406
251 629
968 75
251 858
609 367
426 411
963 176
294 465
509 806
920 29
519 79
233 222
587 989
310 936
521 447
59 616
462 535
48 711
142 704
251 960
460 76
337 671
85 329
548 771
994 539
868 32
815 828
542 289
393 238
881 427
38 192
666 809
221 182
269 276
142 34
551 386
41 333
562 397
278 413
99 208
688 883
291 218
658 87
900 424
689 683
778 844
835 885
307 300
630 42
127 554
908 866
75 905
406 19
390 628
598 551
106 801
202 284
644 715
795 289
689 998
325 466
861 32
954 460
478 752
942 163
250 627
804 128
385 54
176 687
698 515
480 91
512 583
894 11
594 191
245 557
85 952
158 940
585 384
803 473
92 176
152 197
996 462
927 888
311 800
591 271
886 624
898 976
472 721
381 287
694 688
295 83
78 353
566 202
697 137
825 956
682 991
522 100
81 476
924 944
281 690
988 404
275 76
868 117
892 83
881 454
630 731
777 3
394 178
564 253
130 943
841 698
784 309
139 903
595 102
344 455
786 226
763 449
942 545
835 563
138 673
178 882
236 60
436 398
448 468
857 952
51 113
532 736
239 988
807 542
763 290
302 162
838 432
679 372
930 935
538 404
95 425
98 415
724 447
932 311
377 204
468 253
35 434
254 266
127 24
311 321
258 79
687 154
447 897
709 318
253 978
533 512
940 518
704 446
823 347
258 401
942 191
57 996
840 257
894 212
291 459
827 13
721 514
667 612
137 977
276 489
966 74
361 115
768 733
788 656
185 957
811 529
654 860
101 369
48 67
656 258
289 879
970 622
23 742
963 251
517 720
755 125
996 369
707 254
673 946
107 846
54 331
55 550
688 145
670 1
543 285
54 93
397 931
38 991
262 791
411 715
565 998
199 360
975 791
9 52
377 594
229 977
730 86
130 768
826 613
522 890
180 218
973 419
429 645
179 482
566 530
952 162
971 78
866 376
705 958
911 834
736 852
187 556
85 740
350 504
397 73
771 324
274 660
335 269
654 147
109 592
130 503
41 816
4 460
305 681
224 373
6 733
387 365
762 253
693 957
235 151
733 396
92 308
700 59
465 654
897 825
571 334
866 670
957 565
63 762
762 479
601 250
470 744
608 969
594 244
353 674
82 32
211 316
927 18
305 263
1 14
846 486
759 835
888 152
21 436
169 301
489 348
533 209
811 795
958 990
134 199
93 336
721 42
483 267
121 978
938 317
523 333
214 24
751 995
419 980
848 66
646 149
328 394
703 76
227 159
884 460
726 167
70 571
786 776
90 397
990 760
510 998
639 723
485 684
877 90
882 816
763 31
800 3
319 597
290 829
937 174
352 922
635 473
411 19
152 761
737 553
326 314
524 585
589 967
264 303
300 632
304 635
891 657
322 748
605 387
52 517
666 388
903 564
92 361
645 697
613 654
357 603
802 696
219 534
862 300
222 911
96 655
163 511
780 103
619 9
103 184
310 498
923 553
965 190
366 965
258 712
559 618
837 372
822 456
657 546
970 599
555 900
862 256
465 763
175 994
346 288
778 245
379 424
470 833
162 142
328 890
133 799
171 484
924 574
194 799
245 258
769 271
203 983
189 536
320 681
655 815
569 426
806 393
493 130
350 533
955 661
100 36
566 265
668 473
407 423
678 856
605 946
622 16
604 747
57 856
333 571
136 73
502 914
335 842
911 996
274 427
733 72
86 332
291 692
734 360
463 634
571 861
387 118
45 526
563 722
434 7
472 366
473 987
243 878
884 563
227 708
348 199
514 422
199 666
644 805
168 246
248 324
46 251
304 502
925 780
658 905
551 443
280 639
176 688
603 891
344 582
418 725
844 819
775 755
581 160
68 373
172 549
254 88
315 436
393 514
418 951
836 153
505 919
16 902
241 585
12 594
34 246
115 449
7 201
120 425
599 787
843 121
488 205
440 304
901 749
738 961
557 379
246 900
618 379
472 577
630 830
976 177
914 174
318 384
297 109
380 201
255 815
761 942
354 492
6 301
337 762
124 198
307 990
141 799
534 887
890 637
484 718
566 388
315 689
973 446
762 691
209 593
173 541
468 826
473 228
825 383
311 668
843 111
718 998
169 12
942 657
468 24
895 851
680 640
2 436
888 995
486 705
148 781
810 414
518 871
689 684
795 494
836 658
283 306
322 724
785 212
469 547
550 340
554 923
562 446
487 387
749 556
990 302
810 688
443 57
407 706
197 250
365 948
690 429
141 483
36 271
864 408
556 454
478 892
504 279
747 309
529 634
737 255
295 387
944 447
67 288
361 3
879 321
457 560
557 189
45 361
599 838
216 917
842 677
191 5
681 865
665 356
907 483
655 577
34 909
287 589
772 931
699 901
459 408
205 244
320 866
129 921
593 220
403 49
721 94
171 189
51 611
952 470
627 340
789 749
424 623
263 762
394 615
329 726
654 726
578 387
673 509
621 479
327 84
916 599
666 878
557 803
299 575
874 909
1000 320
319 560
172 950
199 30
812 887
265 716
783 278
52 780
575 40
662 589
611 55
562 432
819 34
416 735
933 22
690 122
810 483
207 337
26 998
486 680
123 622
753 747
93 330
610 84
973 998
972 909
358 930
175 292
363 724
253 516
35 337
73 230
899 440
196 740
241 981
816 473
724 178
689 799
802 516
32 764
505 564
386 319
427 585
904 346
638 363
879 647
220 202
223 995
221 620
576 360
225 382
863 750
361 110
34 348
797 795
888 153
483 735
432 143
16 974
128 136
579 377
7 128
375 970
266 10
551 967
573 855
850 828
725 816
218 352
85 593
233 838
622 424
570 207
882 365
475 769
560 489
941 548
1000 224
742 754
733 642
86 980
548 745
271 66
790 982
113 906
80 221
873 912
506 331
859 434
960 572
869 676
363 479
402 145
611 373
83 940
579 979
599 396
178 936
325 535
752 269
770 676
806 46
165 190
142 358
98 566
956 782
648 39
188 480
117 262
344 222
143 632
221 360
728 68
691 120
430 12
899 7
666 262
444 184
321 547
231 224
72 631
469 731
538 380
805 349
957 374
61 417
192 304
563 803
927 322
395 885
568 971
359 582
610 346
205 534
331 679
7 288
534 83
422 793
701 738
153 52
562 168
374 970
804 253
533 793
845 983
813 121
317 19
249 524
615 204
860 52
148 232
833 928
471 153
462 456
745 236
30 140
645 268
776 988
906 911
506 939
267 891
713 415
275 340
613 190
595 927
176 319
512 441
569 312
72 352
807 210
259 840
613 15
389 53
308 540
695 569
938 818
117 821
152 679
145 101
711 519
316 237
95 866
14 252
889 515
643 652
865 812
520 321
167 294
322 269
619 467
712 4
80 487
501 345
144 580
554 243
44 933
8 147
961 19
66 953
160 318
442 664
649 878
778 842
374 507
395 546
342 645
201 791
679 574
176 172
196 542
714 223
17 133
460 652
738 201
277 443
938 519
122 354
947 367
573 249
480 168
28 690
344 583
55 235
24 581
131 683
427 512
926 618
379 779
609 62
992 162
331 976
996 746
510 310
112 705
602 590
283 770
816 924
766 71
257 596
367 504
43 478
172 250
279 822
637 490
432 855
620 760
789 901
298 672
315 514
671 353
674 455
824 552
417 86
608 335
849 43
704 722
711 709
397 957
470 221
143 169
932 994
241 315
78 406
744 174
695 541
778 347
69 918
94 507
20 506
167 373
479 39
281 978
66 72
622 45
753 130
496 181
351 121
958 467
341 51
415 988
454 882
402 217
83 612
749 487
19 416
203 399
333 768
192 956
515 33
818 447
457 264
675 902
199 744
956 933
938 616
26 174
102 509
925 894
896 856
418 532
199 633
910 691
115 578
97 211
656 830
909 170
40 429
135 806
12 51
783 870
629 230
658 652
474 513
843 659
374 818
430 512
713 228
461 918
281 336
19 927
505 946
253 20
163 788
736 50
314 136
171 257
10 129
854 518
581 822
431 819
863 534
348 447
722 140
263 326
837 621
407 540
609 518
884 392
959 478
255 893
381 402
128 378
972 859
720 260
114 47
954 558
198 663
554 375
260 510
298 73
874 150
588 154
720 34
247 748
766 408
164 769
869 655
82 819
513 885
63 334
973 417
422 169
705 771
853 251
857 248
736 999
735 251
408 898
834 216
31 736
400 840
94 128
114 578
664 353
926 647
189 116
268 357
655 331
749 348
291 988
628 851
256 905
419 188
614 730
705 222
146 921
616 559
374 291
50 429
210 14
714 132
255 100
403 827
118 804
637 780
191 952
676 344
532 996
558 860
316 351
245 431
980 182
197 76
515 107
936 180
461 711
64 287
370 515
427 584
943 512
932 279
127 749
845 562
827 43
21 208
204 842
559 592
653 427
599 404
417 323
806 935
736 111
239 148
8 864
210 378
215 309
366 777
42 579
684 406
319 189
46 607
855 479
430 766
270 595
988 828
936 671
276 224
3 872
744 456
755 432
565 806
513 907
950 352
646 105
538 622
246 973
392 332
102 609
414 957
413 823
721 185
975 836
356 148
683 5
276 949
172 518
801 210
323 908
613 861
815 497
781 513
86 183
568 178
117 739
327 940
823 310
504 728
661 792
725 85
283 46
946 418
195 874
969 515
183 521
455 292
57 653
166 345
784 664
395 523
37 196
518 925
443 789
196 200
505 460
188 199
266 649
585 941
415 488
823 511
951 298
232 894
31 792
162 601
862 274
715 409
11 804
582 157
917 328
206 129
724 838
215 333
896 477
51 314
72 288
315 283
633 260
249 531
15 970
861 364
349 568
834 691
513 245
767 582
173 776
882 428
42 551
928 716
270 559
197 757
474 394
202 98
724 950
851 566
15 281
567 348
56 870
254 585
648 682
168 916
578 695
595 527
445 908
119 341
341 870
620 119
792 201
441 797
151 734
981 667
396 105
677 690
594 637
600 49
497 470
932 139
522 929
948 944
890 615
629 650
191 350
195 667
289 450
612 40
670 392
674 983
218 459
622 880
978 804
481 260
305 598
601 420
451 845
785 93
382 688
425 862
524 766
407 986
856 22
496 252
877 384
453 994
236 671
199 549
663 122
116 325
960 227
580 564
852 433
33 799
250 527
288 800
54 695
662 950
149 865
315 89
102 131
175 573
803 252
822 648
953 719
519 744
559 667
211 265
374 983
175 674
824 860
796 633
272 387
938 202
111 800
847 156
876 764
128 194
556 258
63 786
487 270
508 163
771 649
594 476
261 315
445 718
930 58
15 716
327 558
254 538
419 547
646 934
722 312
20 405
342 425
226 590
632 437
143 217
388 81
244 520
354 490
209 437
428 721
412 206
659 183
953 16
290 558
184 21
342 424
548 902
721 274
787 70
946 697
657 554
144 643
739 882
340 540
423 607
227 38
544 356
49 826
393 408
88 800
415 991
184 371
758 301
759 28
249 339
967 51
861 556
682 417
478 4
815 143
283 22
726 830
506 213
921 931
108 1
809 34
437 680
756 782
502 265
749 264
358 503
918 383
187 739
447 829
767 484
370 826
338 284
448 868
430 180
770 209
734 134
224 219
371 412
524 960
641 676
897 722
715 631
229 335
62 914
139 179
267 454
859 608
665 223
574 537
560 899
79 373
248 659
837 441
585 464
146 796
755 800
792 580
958 711
962 666
99 776
547 108
620 590
537 6
663 578
917 211
223 572
573 817
560 112
635 660
266 487
216 774
896 82
660 171
56 282
147 344
246 998
133 207
431 967
932 775
20 185
351 297
264 875
337 843
981 738
454 851
982 133
363 727
803 562
236 835
916 371
384 644
167 139
82 929
344 48
416 21
424 736
804 835
659 64
808 646
860 839
809 723
536 949
155 481
817 956
592 502
70 764
577 200
959 994
235 844
296 216
494 671
288 428
416 721
900 412
810 481
973 787
728 106
467 254
913 1000
465 775
706 545
211 133
136 289
16 501
823 410
182 518
537 565
960 188
447 934
982 781
35 288
823 267
737 974
391 159
982 892
508 551
469 807
956 287
409 964
214 881
58 485
901 879
742 443
637 335
125 411
148 214
846 485
499 250
181 266
9 409
930 119
281 515
508 235
642 959
699 818
2 542
132 593
893 451
581 698
249 74
932 980
208 134
155 897
674 127
696 667
218 35
474 201
384 753
189 610
371 579
468 559
566 288
750 445
290 743
441 881
133 107
767 406
538 311
19 140
955 872
472 200
659 951
97 749
167 397
761 582
298 332
687 682
264 244
748 964
731 574
364 61
592 344
188 371
26 594
264 323
728 296
914 133
299 827
451 848
947 119
1 641
645 388
259 89
23 16
351 999
451 737
13 90
783 522
821 707
697 973
580 834
192 131
999 136
649 675
235 372
827 872
617 620
62 987
140 897
72 855
996 752
852 380
211 364
92 57
935 599
918 867
996 583
600 907
509 960
366 955
258 630
43 500
885 613
10 247
11 146
399 475
883 124
445 681
525 613
394 249
967 740
971 737
167 924
900 976
523 140
432 907
492 380
803 748
293 582
773 460
929 641
643 976
20 369
665 636
6 324
318 122
657 567
56 69
863 730
556 754
522 942
905 62
946 658
32 446
424 696
388 19
887 113
284 92
568 79
342 846
485 862
877 204
364 33
551 271
593 541
278 401
17 89
503 379
476 538
437 780
142 87
265 414
447 708
335 454
192 112
399 933
400 13
311 377
629 494
496 678
10 708
265 885
395 770
366 650
457 174
221 157
573 360
166 774
650 903
432 412
395 224
876 479
399 744
625 857
20 755
183 65
629 177
606 454
409 956
764 664
28 850
361 411
34 275
641 377
183 246
23 609
319 278
803 477
56 694
878 999
828 632
872 696
29 669
530 994
537 218
495 422
902 418
100 278
450 357
803 315
688 233
561 893
529 353
474 30
238 111
243 471
691 939
246 10
716 302
474 129
534 923
901 396
684 448
560 258
228 400
110 410
790 924
863 318
388 96
21 932
467 534
963 637
730 144
627 520
902 520
655 448
701 130
278 445
151 161
407 27
866 178
938 711
317 778
246 144
123 583
59 447
799 555
934 430
309 827
827 946
312 444
814 456
239 264
583 273
438 832
253 333
503 950
897 721
127 890
940 198
693 303
371 268
758 904
906 513
637 569
547 305
452 971
456 14
259 324
131 534
651 351
854 826
546 619
805 496
495 228
997 802
524 182
375 626
581 931
107 548
438 396
498 411
337 31
176 155
876 880
337 936
844 572
270 484
56 944
901 718
426 238
196 844
216 694
328 516
534 979
156 266
322 62
837 909
146 368
367 978
261 65
319 863
199 245
610 700
555 101
973 462
247 233
104 265
128 627
640 741
34 588
167 488
631 135
722 865
764 292
285 637
514 809
127 484
952 166
792 591
478 86
260 173
83 514
579 89
185 396
948 338
571 809
240 39
156 318
188 479
8 173
565 471
398 934
936 265
865 421
39 912
248 417
736 694
574 494
151 427
72 606
843 507
679 849
918 395
421 673
117 242
279 327
790 147
585 768
733 392
236 736
537 677
33 966
231 991
568 929
175 446
373 442
803 183
403 856
462 64
465 428
162 388
275 607
21 79
802 740
11 105
430 653
161 321
822 403
453 532
756 403
775 107
231 611
841 699
327 608
94 885
702 628
43 169
517 164
985 544
323 201
396 779
318 196
133 840
871 672
623 67
882 251
955 653
617 382
947 525
455 226
224 106
4 842
830 506
302 691
360 864
833 295
778 736
378 140
363 464
958 489
242 354
122 137
764 328
730 328
91 670
421 1
978 830
136 399
912 592
516 82
221 756
800 946
619 961
909 445
469 390
736 739
257 943
535 436
149 617
132 50
49 269
247 678
533 723
866 860
486 164
282 445
982 814
456 360
183 975
594 946
558 233
747 208
287 61
358 450
140 785
883 289
922 566
376 797
193 953
508 298
788 340
182 47
991 245
478 970
599 666
984 843
306 843
471 7
911 791
77 140
370 150
410 733
824 527
80 402
682 597
590 122
719 658
885 646
65 637
262 945
338 682
930 135
489 717
806 562
509 658
258 587
975 949
565 937
831 410
145 781
242 190
540 633
243 619
775 386
143 116
535 822
403 475
207 801
464 283
851 985
659 10
260 71
579 803
304 991
66 146
583 859
125 693
203 23
489 43
528 846
907 889
485 861
985 849
511 989
791 767
683 926
742 140
485 971
69 499
783 331
677 244
679 426
617 21
305 677
283 298
110 963
274 619
45 812
806 698
691 198
805 882
849 834
764 466
870 642
374 523
103 75
289 912
435 693
58 696
871 70
604 323
253 811
671 959
693 650
988 960
699 159
646 890
137 666
524 354
802 156
732 477
366 199
520 163
885 745
228 812
945 652
512 489
470 865
586 694
204 309
225 758
176 478
983 61
719 390
643 958
842 879
459 321
841 556
893 120
381 636
399 77
830 291
150 913
279 225
345 155
554 289
755 416
939 217
152 565
192 610
462 790
64 312
913 454
968 695
666 790
117 552
722 890
230 889
164 607
240 173
132 406
408 937
412 567
579 940
356 531
804 527
957 323
939 532
43 603
670 644
753 882
420 135
904 844
870 651
463 227
924 279
598 378
589 167
140 262
857 425
571 746
662 647
116 642
559 5
62 551
465 608
283 310
47 337
268 418
35 271
44 569
174 76
657 406
417 745
520 922
407 734
124 894
841 66
1 283
81 597
232 711
795 623
175 723
103 73
272 338
674 775
650 523
188 606
870 166
836 850
139 2
242 691
884 70
977 300
110 799
444 679
671 32
565 557
381 220
733 871
182 23
388 626
614 42
262 95
120 346
506 895
196 215
696 984
306 787
91 43
474 465
954 999
239 83
928 758
161 153
940 357
246 996
47 765
29 898
501 520
275 215
146 734
399 48
114 42
886 692
81 307
172 910
472 976
133 157
458 559
366 428
632 578
959 185
212 530
194 101
492 576
312 1000
612 19
523 514
748 595
655 259
368 399
354 238
49 804
769 823
809 866
574 34
246 467
504 558
639 536
967 17
613 428
80 561
743 558
778 958
70 924
736 728
992 690
368 252
222 235
45 594
908 417
587 147
476 370
439 382
421 735
60 113
723 947
386 25
850 466
903 604
575 771
928 947
163 234
733 391
838 194
935 988
212 278
634 687
288 985
128 878
158 846
258 737
866 522
64 560
339 502
659 855
110 567
291 379
992 476
756 109
439 851
617 801
48 100
271 650
242 806
629 906
86 348
396 949
751 155
347 161
831 339
584 404
840 897
803 754
570 203
888 173
868 980
360 67
432 624
949 53
346 26
705 593
336 220
66 493
285 141
675 871
200 635
221 783
976 12
924 868
82 899
673 44
422 569
592 60
906 442
892 263
968 719
999 710
554 27
107 982
313 655
759 198
136 432
65 510
460 633
870 704
100 720
196 919
605 621
239 787
296 69
494 808
117 435
374 258
677 49
460 656
735 783
520 884
648 265
960 107
984 353
110 919
296 867
178 379
767 15
129 261
443 101
462 131
318 329
487 340
571 353
718 496
756 163
24 668
650 624
112 929
288 997
842 436
178 870
170 544
495 174
288 518
954 189
438 474
499 216
923 842
746 187
868 786
894 499
72 390
517 642
669 455
851 412
764 971
485 166
695 279
593 181
96 395
479 920
704 714
606 111
401 594
930 173
414 924
952 291
498 789
171 249
967 917
308 54
317 288
851 984
967 810
700 999
627 641
138 548
13 952
450 882
240 130
683 768
80 475
195 954
161 638
400 466
234 660
494 746
939 555
230 356
283 15
875 425
491 416
202 213
679 421
437 778
956 814
45 521
412 728
808 908
236 500
567 858
387 394
425 835
282 252
630 23
468 231
732 628
40 38
813 661
743 340
321 515
583 303
880 830
109 676
311 232
315 237
740 794
429 29
163 433
240 556
810 872
813 439
997 554
170 730
563 688
432 414
548 36
839 743
367 294
405 69
372 136
301 244
61 667
567 249
751 396
92 31
510 314
497 585
651 130
799 26
802 810
106 495
204 83
6 218
45 256
266 127
68 935
641 25
420 705
257 272
8 906
209 127
968 252
962 454
764 862
584 428
967 603
716 729
38 949
578 662
467 845
506 685
821 50
94 620
651 735
138 998
750 123
756 904
227 252
289 624
484 715
251 192
307 850
522 883
302 603
80 336
714 571
978 884
522 674
890 344
504 531
753 992
882 708
518 574
646 482
530 104
970 355
101 965
463 226
239 283
339 816
505 24
144 834
307 270
611 252
67 858
672 360
47 336
709 252
41 879
10 742
157 885
894 56
175 508
595 449
300 867
267 362
123 788
399 857
334 390
637 567
196 419
778 608
382 434
662 192
242 545
390 263
693 758
141 623
498 623
821 299
14 22
250 883
6 198
394 44
659 536
226 943
537 180
223 569
281 630
431 940
252 223
418 297
313 69
497 800
850 740
834 737
691 792
963 31
690 893
582 823
472 546
254 644
294 303
612 318
688 330
794 919
532 223
17 392
449 945
82 924
377 596
982 11
983 294
986 198
146 385
682 740
385 867
286 28
881 117
700 943
507 593
41 382
593 605
152 897
635 66
1000 325
161 693
865 729
256 879
192 914
765 844
325 975
292 280
402 328
813 938
481 321
62 486
501 142
230 580
94 23
151 52
463 198
247 559
300 545
857 696
53 899
438 947
149 708
173 443
451 548
516 444
97 108
922 119
427 575
46 423
784 124
602 799
966 276
789 261
576 510
633 131
529 968
605 600
720 777
862 596
496 861
776 895
95 335
500 829
543 187
140 766
162 386
642 152
681 934
96 130
898 750
393 686
376 882
103 449
508 375
771 693
814 757
12 535
821 295
251 875
391 14
168 813
579 269
464 466
583 213
276 491
174 888
119 333
441 535
195 389
488 409
623 77
73 865
144 300
868 932
850 603
890 732
925 43
463 125
255 994
717 137
773 247
707 399
543 541
34 767
664 346
464 704
941 850
513 587
518 740
904 88
541 157
800 25
678 362
71 50
387 243
207 530
498 690
227 496
310 638
363 240
118 122
502 197
417 965
734 400
421 353
262 765
511 238
115 657
442 483
712 745
491 838
912 143
70 155
71 630
643 69
600 178
656 132
451 512
434 718
453 178
111 554
718 582
240 513
956 335
391 252
595 316
72 858
715 560
989 177
850 217
279 587
541 916
196 507
659 773
126 124
733 140
92 52
239 327
591 18
477 194
196 10
348 349
828 599
12 420
314 613
418 143
981 876
152 31
677 971
34 95
474 406
510 584
389 431
268 163
129 742
248 929
935 404
393 901
868 969
618 656
376 731
401 482
82 981
526 514
428 745
273 680
555 30
518 422
318 200
122 969
571 165
289 454
164 726
78 740
147 992
317 400
691 671
503 325
344 498
950 908
520 469
77 560
268 715
89 409
52 850
201 568
398 834
915 340
922 632
137 947
544 349
217 262
681 247
368 182
814 437
832 696
408 668
960 473
27 946
773 577
117 7
192 226
943 881
502 451
984 382
468 343
914 537
430 513
117 168
10 594
399 697
488 744
842 247
991 938
426 802
106 202
768 601
624 387
516 539
646 606
993 210
225 328
922 222
29 632
716 790
408 108
297 852
889 914
361 41
659 654
751 508
823 899
992 389
577 829
82 373
444 780
820 699
713 337
606 667
592 554
263 163
314 352
225 667
101 56
963 149
950 445
916 5
204 311
329 962
437 407
116 418
705 623
893 302
492 393
898 826
564 341
239 224
638 578
351 471
281 363
502 833
857 374
14 221
643 751
492 175
520 354
549 657
351 100
333 985
796 407
869 743
209 867
683 879
173 661
818 714
47 140
341 431
566 696
626 367
706 311
672 395
10 171
623 686
554 867
776 185
726 685
902 436
126 617
340 463
88 352
732 601
823 434
724 53
174 82
909 165
138 840
816 900
852 465
162 805
597 981
822 468
72 771
969 691
516 616
318 776
927 406
486 194
132 948
947 186
278 734
618 133
874 43
629 377
806 956
128 819
367 426
958 715
499 226
745 286
29 717
766 100
417 299
182 21
440 756
186 472
647 53
23 767
923 821
546 328
747 585
884 358
11 300
768 97
113 677
354 680
910 571
364 529
369 493
243 436
1000 784
177 998
610 712
256 331
726 146
878 457
860 684
368 306
534 789
630 574
460 226
338 918
137 193
235 546
143 479
806 181
331 23
708 671
583 797
369 848
952 169
660 602
647 812
100 943
31 751
160 268
14 475
148 969
593 602
408 822
639 129
464 451
819 40
360 707
71 367
57 741
80 706
732 654
165 887
135 611
448 213
679 794
965 784
107 40
473 646
377 905
44 543
62 848
926 901
528 340
499 307
802 272
50 795
586 69
534 73
917 319
793 961
595 77
542 708
210 85
283 931
31 65
914 771
516 723
629 886
81 960
543 186
980 512
927 27
586 110
290 204
208 461
723 350
872 612
540 668
747 420
935 864
831 5
120 376
157 269
51 822
822 1
91 9
475 918
171 497
797 349
397 879
785 929
915 782
988 680
139 775
557 445
869 123
906 247
983 487
397 960
128 347
4 996
831 51
263 583
273 707
458 577
851 830
191 289
329 756
937 501
185 376
994 766
498 977
100 877
418 863
412 417
821 779
165 215
627 596
541 156
47 215
655 404
715 137
473 806
352 913
647 784
998 775
610 784
679 189
957 61
852 853
151 91
174 936
822 788
605 412
382 783
860 207
518 801
179 899
951 289
535 38
222 999
301 492
358 231
785 295
456 363
883 516
887 864
177 55
845 576
558 95
374 870
736 145
755 879
662 137
974 143
245 593
410 518
966 531
738 722
194 628
529 725
71 962
937 900
383 884
833 811
962 625
409 631
159 423
42 691
775 217
333 151
985 513
752 788
540 977
881 752
447 201
450 63
803 484
218 3
301 126
262 726
122 615
428 746
802 315
240 422
459 132
826 401
526 946
878 385
735 280
611 262
403 333
145 579
998 814
790 726
960 653
924 104
783 295
587 494
382 766
170 738
304 816
106 740
839 12
416 686
990 904
741 59
814 442
851 407
785 80
35 561
805 29
107 928
921 560
403 777
832 149
605 480
1 530
878 940
282 109
601 329
770 86
303 657
804 426
382 186
610 393
813 292
494 782
429 27
273 147
287 257
58 327
153 105
448 571
267 465
733 126
970 656
186 227
22 325
775 889
558 123
281 205
634 741
263 37
836 889
174 384
74 27
719 940
262 231
135 111
186 453
903 106
333 404
206 819
699 917
494 110
16 725
958 921
7 855
526 765
85 531
