870 2557
786 227
146 812
861 467
785 364
812 673
474 141
826 787
666 556
355 345
212 438
195 749
680 213
772 379
678 741
230 566
485 193
172 870
842 506
753 450
493 786
353 765
527 588
641 565
1 406
258 552
830 866
316 297
322 525
678 182
826 39
183 59
331 473
798 193
674 467
623 798
345 363
650 88
854 744
212 147
328 538
311 658
668 612
43 708
559 546
229 395
747 450
201 732
148 618
457 208
727 710
49 475
358 752
398 412
628 313
517 357
441 4
824 30
69 366
108 605
509 162
701 488
110 83
520 480
834 192
500 713
111 517
203 435
518 558
208 523
541 818
265 596
346 860
521 541
847 38
207 328
222 644
503 134
160 40
189 548
606 731
700 479
660 39
384 165
131 262
283 694
802 839
44 556
747 363
666 512
645 748
812 697
795 275
102 195
587 14
492 688
37 33
402 478
135 163
582 669
862 23
497 660
650 568
867 818
335 445
742 5
194 258
556 263
25 331
777 846
378 413
196 177
116 830
76 228
760 279
632 588
62 470
107 336
135 359
319 26
854 78
413 65
363 481
700 493
686 221
847 167
601 861
784 293
386 20
356 569
620 286
41 7
336 299
582 171
838 380
146 497
438 622
165 569
190 421
108 854
274 534
518 744
522 743
256 347
485 819
749 38
697 379
683 501
376 447
405 510
527 694
108 628
684 396
444 392
340 28
797 2
658 316
127 684
589 766
218 688
719 81
59 35
45 577
523 554
562 182
564 182
801 759
691 524
347 646
259 853
99 658
669 258
210 220
156 507
283 808
412 474
18 65
320 756
121 133
360 256
487 466
845 338
224 782
154 304
9 531
449 385
345 208
206 185
249 15
64 839
637 747
11 320
488 115
326 173
258 133
867 814
559 638
621 514
753 608
646 672
44 517
472 805
605 213
608 172
437 62
8 626
134 571
67 17
229 732
788 730
393 9
535 33
386 655
868 84
616 346
373 376
194 39
267 295
105 384
68 540
415 552
36 104
365 78
528 587
673 51
150 325
739 588
364 215
257 254
225 725
82 694
525 301
136 766
442 488
519 222
81 803
383 769
722 330
490 412
552 175
423 737
671 686
23 353
267 348
807 48
408 470
834 517
96 508
620 853
640 246
415 253
805 647
120 79
752 789
624 90
507 783
313 535
850 97
816 870
217 735
515 42
551 269
148 577
315 842
285 291
486 492
218 179
272 690
259 34
614 786
583 13
839 344
72 842
238 492
41 299
344 500
17 641
24 284
427 252
122 764
599 98
376 740
832 96
308 710
458 215
522 438
426 60
819 681
816 831
57 248
592 456
647 114
814 443
765 13
343 684
298 840
261 324
445 551
837 529
144 547
508 476
769 174
361 360
332 663
702 42
151 495
66 709
417 705
269 800
115 83
177 863
320 153
383 727
666 7
158 255
175 140
866 606
673 773
626 658
736 190
646 48
793 145
705 258
509 436
275 78
506 300
83 716
67 477
175 36
378 589
397 42
336 500
739 441
743 609
30 567
567 663
240 347
350 735
371 173
239 408
601 643
150 804
479 782
207 149
727 834
564 416
47 316
837 345
778 716
300 437
474 374
626 623
379 613
192 400
735 666
450 377
469 6
827 246
424 665
548 625
626 644
106 771
676 139
89 631
86 771
523 386
745 163
69 46
732 866
842 238
290 547
220 142
420 131
524 86
10 105
230 115
513 86
660 728
810 77
595 590
579 437
730 811
31 503
608 617
738 228
222 813
407 190
605 372
610 426
520 73
64 266
463 434
661 721
123 191
285 836
272 199
775 154
466 5
466 590
2 310
369 759
615 726
527 113
326 231
455 442
222 451
477 73
722 101
297 483
25 742
373 136
863 94
691 489
639 487
721 383
23 500
615 5
544 302
470 732
843 371
832 192
582 353
286 284
648 616
505 620
579 48
728 331
412 185
676 160
436 55
113 595
691 660
113 119
517 342
295 150
230 100
92 528
753 746
799 84
766 5
586 474
704 502
104 247
780 827
30 820
236 25
311 212
354 387
57 252
9 767
512 157
589 715
237 54
402 13
296 109
300 218
10 742
817 862
638 829
643 267
90 255
665 180
405 556
586 453
257 442
336 840
423 711
65 495
543 76
184 849
233 43
711 112
625 570
6 613
814 395
835 345
231 271
469 502
164 324
762 816
811 480
353 133
22 799
174 228
543 354
56 842
554 386
662 227
444 171
146 258
723 203
504 576
434 151
232 340
857 314
395 215
785 120
329 753
204 183
172 259
706 839
784 816
693 282
254 131
680 310
310 401
241 363
496 855
462 76
206 522
100 9
249 260
822 570
72 405
493 475
292 205
383 859
406 296
281 116
796 224
711 424
234 60
363 141
667 313
592 389
166 424
216 292
362 7
732 271
24 246
244 484
410 121
14 10
756 19
722 59
597 734
433 57
437 818
333 694
465 805
641 826
315 586
646 638
99 457
533 170
30 633
805 200
419 751
403 242
521 78
632 839
212 287
449 187
433 542
821 456
509 524
93 215
368 53
78 110
207 83
483 177
855 185
303 508
73 27
384 394
865 23
870 403
465 737
7 690
799 687
461 194
810 125
757 402
592 209
250 283
531 496
456 694
631 535
150 467
213 655
267 149
396 631
532 36
71 616
551 279
405 340
479 264
779 619
262 733
802 712
316 90
533 584
40 713
185 288
369 3
355 573
335 132
635 351
376 75
12 233
286 472
287 636
76 820
282 573
598 235
108 196
570 235
322 705
275 461
723 404
134 368
637 358
659 307
594 91
86 320
101 185
344 577
711 816
847 113
44 386
86 694
839 166
93 256
96 807
427 110
582 730
548 606
94 289
105 724
134 363
508 648
235 192
381 33
632 97
425 632
280 172
365 797
125 60
553 417
244 628
447 27
486 34
676 515
258 315
299 16
688 518
618 165
712 247
199 680
273 645
226 365
576 551
39 665
82 38
483 348
502 149
435 84
473 777
146 225
147 21
646 644
632 104
759 191
322 574
450 619
830 193
363 214
794 554
528 476
105 524
569 823
804 138
553 608
102 445
520 705
480 563
709 243
264 847
319 614
361 731
112 387
7 638
855 303
488 380
472 470
385 824
387 546
282 750
212 611
395 31
224 299
862 54
404 746
151 399
526 707
456 292
676 318
91 317
456 729
532 826
275 562
259 737
574 719
460 27
392 267
690 667
504 378
533 516
255 365
441 834
101 819
542 504
68 477
50 171
630 721
332 428
649 502
66 525
429 455
54 300
224 509
460 328
476 348
250 762
152 748
734 247
311 663
61 513
764 868
690 658
403 402
659 526
811 398
695 455
282 358
853 434
546 164
235 560
107 263
370 56
289 755
696 45
128 714
578 440
755 151
576 200
601 240
358 359
642 808
660 575
257 462
77 197
710 603
38 334
41 525
704 640
687 536
179 287
357 422
445 75
234 102
641 145
865 850
20 202
369 758
405 101
619 345
286 743
107 653
143 140
491 746
793 205
83 433
446 648
88 623
489 747
348 622
171 204
546 327
657 200
751 130
291 109
366 691
344 613
701 714
44 774
79 202
250 676
508 77
608 830
272 787
737 158
811 755
496 359
443 279
447 808
854 760
179 858
181 573
521 810
738 544
867 457
450 101
378 518
329 391
420 487
263 294
55 640
147 611
134 17
545 628
602 591
197 868
350 244
115 346
504 302
325 570
474 650
723 437
98 858
503 447
125 115
149 808
207 427
725 836
317 183
209 854
727 751
394 535
412 858
184 628
39 323
630 249
690 335
733 171
493 273
574 95
205 157
139 44
323 366
531 725
108 437
554 43
790 216
578 712
479 302
450 544
143 8
147 406
365 435
130 239
518 529
665 438
63 481
486 713
674 838
87 810
718 409
58 182
392 583
722 698
246 260
567 140
345 117
314 82
612 157
634 110
766 52
380 727
804 388
461 12
346 585
97 8
32 291
441 218
422 551
187 507
260 467
515 708
28 284
411 140
347 164
853 152
5 417
870 239
858 751
252 255
165 299
495 739
149 471
500 331
284 239
656 448
805 283
499 508
202 509
457 627
818 662
339 60
604 618
200 608
151 547
541 119
710 283
53 623
491 83
736 279
568 514
846 145
611 633
63 530
615 492
231 141
324 334
401 181
420 44
21 677
242 457
372 210
636 710
161 597
719 313
44 519
436 760
635 467
526 102
341 766
622 154
344 621
682 730
93 78
422 26
706 177
834 423
34 73
105 342
402 677
755 49
629 354
205 48
98 535
300 260
654 686
470 353
328 709
148 379
497 687
42 351
614 585
191 114
201 407
844 485
132 791
521 267
575 216
595 758
427 853
657 782
461 54
20 631
100 370
379 429
199 784
773 443
557 276
311 700
684 153
65 451
563 819
657 330
346 310
238 376
791 852
131 703
153 155
469 113
854 11
693 785
729 584
665 231
622 41
815 382
459 458
686 158
281 562
670 393
566 596
829 312
278 668
869 412
762 198
283 156
103 852
574 244
830 265
578 318
483 190
563 325
31 246
455 188
510 246
846 567
449 568
472 828
113 62
296 490
593 831
575 428
563 112
762 677
176 303
363 434
256 700
172 110
193 602
691 199
267 130
97 760
73 188
836 757
757 543
685 4
361 806
490 578
569 42
236 98
553 416
864 181
519 40
810 567
11 835
51 825
864 511
793 488
206 226
688 242
851 542
487 159
728 41
430 49
659 796
326 317
71 449
146 79
584 277
737 208
534 409
594 452
501 766
84 263
28 532
593 68
574 230
724 140
189 595
382 631
788 478
441 41
369 53
337 76
159 415
180 251
348 31
369 713
478 654
136 97
330 115
102 449
710 128
655 239
509 695
419 380
667 360
613 33
136 496
449 159
838 659
235 177
515 3
700 29
667 549
273 99
491 405
293 151
710 829
74 6
167 626
43 247
63 248
438 69
163 812
128 765
861 464
756 58
501 704
718 519
699 593
168 381
122 51
123 797
708 355
810 266
81 605
613 780
246 303
265 508
284 8
655 636
678 278
587 673
54 517
833 702
777 409
337 169
782 170
512 405
153 576
517 71
63 227
212 309
431 41
382 537
809 364
849 687
833 472
156 171
362 38
627 815
334 384
523 78
506 183
340 100
72 730
567 850
416 572
589 193
648 749
23 81
157 522
391 551
431 65
344 782
623 38
735 247
721 90
478 100
7 8
29 752
824 744
288 725
399 823
841 543
668 809
779 701
392 137
430 815
32 746
505 478
760 372
482 861
193 857
565 187
507 280
508 394
251 8
627 59
839 652
579 444
85 102
490 323
383 412
208 639
697 528
416 167
180 384
516 460
572 673
442 740
614 854
316 141
691 564
581 829
358 750
605 561
52 695
460 231
282 188
564 221
747 730
439 813
334 61
118 382
444 709
729 382
575 177
406 659
618 724
109 342
415 414
516 126
734 786
233 373
859 480
435 351
755 649
737 150
42 616
614 683
445 31
691 731
291 745
797 128
682 506
611 464
336 197
68 103
622 130
401 220
718 612
797 726
587 56
552 486
769 608
97 479
854 707
229 133
726 717
72 758
566 625
280 269
47 371
864 22
702 431
575 777
565 424
234 370
256 421
759 315
627 570
431 268
71 352
71 687
473 271
246 848
172 851
621 636
146 127
349 698
439 743
460 355
392 713
781 34
80 358
375 21
678 426
240 642
132 368
378 528
587 89
787 436
129 674
647 736
118 726
728 209
691 455
175 222
21 93
627 793
385 841
689 173
120 491
619 428
432 82
363 39
93 736
202 107
167 570
332 333
460 410
729 346
533 714
18 521
699 101
248 735
601 618
819 329
627 314
187 741
23 418
336 284
561 213
63 278
317 135
781 370
622 692
40 186
739 805
278 212
722 685
489 136
789 131
151 768
339 87
671 446
749 21
743 255
2 157
717 631
331 132
93 184
243 38
79 468
833 384
161 216
325 831
443 211
377 32
359 464
202 651
489 708
161 582
175 495
743 867
339 553
362 115
435 561
76 179
392 242
48 15
411 229
602 167
379 98
608 55
93 70
367 525
188 497
280 82
161 847
366 154
701 760
745 527
234 520
363 10
327 725
753 646
420 83
429 513
867 394
431 6
570 650
239 516
442 358
795 700
722 628
801 3
196 134
698 535
314 851
41 572
478 182
693 397
625 283
532 689
571 69
740 487
208 784
652 833
635 155
283 341
653 366
79 777
756 414
439 789
650 756
218 403
506 76
310 226
754 803
724 564
507 39
127 269
406 60
592 468
424 586
132 226
389 221
299 806
377 74
401 331
220 93
60 540
265 649
673 435
603 516
44 586
623 435
509 676
814 162
122 180
700 8
421 46
60 354
500 38
725 112
601 2
147 456
196 669
658 273
307 837
473 109
736 203
2 342
400 5
606 640
440 615
240 836
387 257
650 51
841 785
612 596
390 755
528 433
710 487
218 128
451 514
386 769
780 482
373 458
322 226
97 112
87 422
606 760
387 505
102 11
66 680
731 12
532 829
330 245
296 360
573 578
353 743
462 387
852 82
85 844
177 305
346 526
554 235
147 723
167 225
474 357
116 770
600 154
708 354
431 376
385 768
155 803
689 868
212 26
240 600
108 718
648 330
79 810
172 453
428 420
47 328
219 703
627 468
702 845
757 179
451 151
665 493
613 629
561 140
562 616
191 812
677 232
71 724
464 169
193 846
752 54
594 786
299 121
798 550
103 340
109 354
327 687
608 463
848 803
522 684
842 606
639 184
240 51
352 605
760 511
320 566
787 564
140 192
516 158
450 846
484 163
378 359
858 368
314 632
276 748
460 321
759 127
505 403
731 19
516 311
644 780
196 450
743 683
283 73
763 540
782 488
544 410
235 848
571 449
594 47
6 636
823 722
327 458
844 842
832 349
43 787
107 766
625 600
700 476
822 352
448 197
784 308
328 412
364 425
644 190
646 19
153 816
577 867
706 604
582 508
126 375
418 660
633 233
129 581
666 510
116 425
753 388
761 831
787 556
437 69
296 444
218 530
703 309
245 621
217 94
396 731
438 492
243 68
816 801
546 800
692 169
588 317
700 57
794 50
225 578
636 17
308 698
431 180
714 186
348 534
538 744
355 636
173 413
305 749
803 708
809 173
313 80
422 274
466 133
432 61
307 37
92 642
643 18
60 443
261 598
337 240
561 539
209 384
585 775
261 812
542 695
299 259
427 486
485 153
851 745
312 510
679 220
863 222
95 113
574 263
457 833
484 71
258 737
701 587
210 669
209 675
859 767
642 302
751 112
394 575
764 253
136 725
195 298
55 814
263 338
445 643
7 587
191 817
51 491
453 361
517 325
776 321
542 713
838 387
343 366
567 373
318 141
310 413
662 230
538 621
153 470
196 28
749 34
396 590
435 477
490 467
3 225
580 417
8 244
82 423
283 42
316 676
801 102
385 735
44 853
65 803
212 483
514 699
197 204
531 369
92 585
241 415
244 105
172 843
154 714
623 625
181 750
662 692
132 38
43 62
146 317
310 584
795 680
830 164
377 316
160 700
620 674
785 296
792 160
182 408
536 263
574 684
557 602
561 671
339 175
866 123
25 124
178 508
815 54
727 144
451 739
688 742
768 89
81 55
700 502
107 674
663 852
563 451
543 738
142 194
121 709
175 126
525 618
565 653
468 91
327 173
738 73
736 667
739 369
30 828
208 690
835 623
229 708
13 791
515 621
91 824
570 640
353 584
510 248
116 669
799 813
263 866
323 477
792 282
473 526
19 491
532 244
568 190
470 657
434 14
207 470
351 870
740 505
672 137
727 73
288 567
397 235
806 196
455 494
616 310
669 852
449 177
515 41
133 609
460 535
423 669
617 774
139 838
799 353
197 231
714 395
439 118
442 214
22 473
812 52
432 821
474 400
310 778
705 863
542 556
602 449
659 455
430 570
190 784
303 152
304 57
807 84
426 49
615 865
617 322
194 584
602 182
774 664
115 502
407 102
743 61
108 175
661 181
322 717
741 744
358 279
154 50
48 747
419 788
226 554
351 763
10 238
655 169
124 205
126 740
845 661
700 691
735 513
557 236
453 505
394 144
841 54
531 411
556 479
27 325
135 220
710 143
112 709
375 776
819 261
70 249
436 73
145 793
45 705
63 799
134 837
636 504
817 690
124 196
415 71
115 221
133 749
448 560
267 468
520 36
712 548
310 40
517 390
513 373
307 519
566 561
145 235
426 357
169 554
336 21
409 820
600 545
637 185
695 537
91 704
350 79
331 791
689 778
563 346
53 201
471 622
791 289
722 159
523 116
103 660
287 459
604 159
42 270
187 751
705 366
542 520
229 665
506 581
603 465
604 449
127 25
551 348
681 600
77 383
606 352
778 511
746 126
608 440
572 105
238 536
167 153
705 392
797 759
373 298
692 837
159 821
697 118
823 775
594 46
44 353
135 751
342 335
242 589
642 631
498 73
260 632
210 8
653 564
504 277
530 756
678 402
518 527
334 89
355 801
568 483
15 509
51 396
754 485
565 15
470 792
199 257
183 587
717 836
292 582
95 271
501 489
674 492
583 234
768 548
786 264
366 72
116 122
190 282
853 245
606 471
694 835
165 703
61 648
119 510
730 73
40 266
419 60
300 233
356 870
452 615
125 839
436 323
225 709
312 849
689 31
121 122
567 623
146 786
327 235
790 641
539 860
595 149
541 668
75 26
51 614
750 627
510 23
774 315
465 89
321 252
250 560
858 13
380 345
606 845
238 668
224 640
578 412
52 446
75 442
188 32
297 786
73 846
789 213
241 220
612 330
138 818
766 732
18 284
412 657
358 808
449 742
675 509
622 521
491 588
165 317
792 116
499 530
119 816
617 225
35 769
474 194
477 748
30 730
642 289
300 509
250 38
303 16
620 694
744 779
787 863
812 96
225 602
282 672
372 415
374 399
507 231
565 767
366 576
426 765
426 310
707 644
483 443
615 450
306 54
368 446
385 571
350 311
704 338
341 445
504 312
740 507
513 807
796 548
254 418
420 654
20 448
832 267
298 46
262 503
122 103
432 787
161 382
507 547
552 495
494 490
22 407
636 604
858 739
324 219
769 293
9 819
817 529
484 619
287 299
336 835
168 145
213 361
732 494
519 637
663 632
755 99
543 454
428 271
125 574
675 564
630 139
302 213
417 480
829 870
847 379
742 424
9 820
391 635
105 835
197 402
473 364
404 540
562 575
83 87
143 726
367 66
226 40
136 256
433 831
486 3
52 490
681 767
595 97
158 683
528 102
486 699
351 625
597 318
713 191
531 160
805 860
350 557
23 317
506 826
257 644
518 436
559 231
762 394
514 548
569 124
550 627
844 2
646 264
557 280
230 746
342 398
509 663
171 38
760 22
226 261
482 78
194 708
284 307
267 144
252 548
828 423
55 147
402 271
721 733
43 489
546 816
656 320
676 246
128 414
736 329
37 97
277 722
446 559
470 662
91 608
314 12
262 354
227 189
88 182
425 737
670 532
696 698
436 125
476 623
404 553
601 579
711 73
750 555
182 354
4 808
829 30
615 557
262 608
546 705
406 603
215 494
397 711
96 94
664 86
746 325
485 475
611 766
544 459
853 746
266 308
822 619
667 311
775 46
300 462
306 302
207 808
321 736
802 590
72 698
771 386
499 555
28 60
709 13
555 366
4 760
222 819
131 583
499 714
422 209
50 192
255 807
186 392
848 387
260 273
649 777
338 634
541 854
67 466
732 596
584 669
34 249
657 637
695 699
241 475
424 538
467 211
195 54
253 766
10 90
95 529
42 687
420 98
393 402
529 77
604 460
514 443
327 706
186 827
333 365
667 526
265 867
412 265
675 11
731 621
553 208
165 666
632 108
744 59
782 445
422 271
542 285
266 463
547 287
734 126
296 16
849 46
481 577
816 129
672 768
631 489
80 790
651 186
466 828
268 752
17 621
848 113
739 47
525 303
75 19
347 844
656 675
198 575
362 652
199 274
110 358
862 764
477 258
260 406
136 156
565 754
30 568
650 80
778 678
305 863
802 119
179 834
458 673
278 449
54 86
573 287
631 407
407 20
843 687
715 626
493 565
561 787
829 730
231 780
17 829
803 298
859 409
550 511
572 259
55 553
24 793
151 384
525 382
211 855
858 230
575 302
291 718
736 65
166 583
315 334
117 27
228 50
653 644
677 755
275 99
194 17
608 693
827 750
629 225
113 807
511 356
398 14
439 365
331 428
719 591
188 600
617 698
778 680
49 808
546 614
593 20
597 810
31 761
98 499
109 640
846 60
24 499
334 287
671 868
748 345
329 362
279 108
177 113
602 633
531 447
571 161
419 707
813 601
854 741
571 619
733 696
22 161
758 255
63 97
138 776
638 751
326 422
131 228
793 185
832 295
98 650
840 124
575 107
80 715
233 258
358 636
493 283
248 268
601 738
853 570
250 787
472 159
237 715
181 78
842 684
458 709
405 219
120 838
689 96
637 298
213 349
550 57
456 328
746 809
312 738
657 626
45 207
243 731
729 654
481 765
628 388
683 646
776 292
483 847
465 424
412 459
271 384
520 404
387 159
765 238
514 686
461 706
500 24
138 112
32 754
790 498
311 64
573 429
498 18
613 854
317 804
120 480
358 37
843 43
489 154
551 480
771 451
115 701
665 805
169 377
248 869
396 593
496 536
150 416
615 276
853 121
159 649
328 289
234 595
475 556
322 541
757 8
227 338
230 631
330 668
594 416
200 684
89 646
256 710
356 673
504 726
270 829
660 58
806 41
718 714
169 52
580 751
244 641
799 399
303 490
754 457
755 493
483 603
372 859
767 232
436 184
741 525
353 836
84 39
804 312
842 384
311 280
760 9
723 511
444 740
51 144
215 854
678 31
404 798
549 406
704 107
316 820
390 536
512 862
602 838
804 577
491 781
521 366
174 825
30 744
678 820
224 458
8 625
203 788
483 522
428 803
710 174
415 540
192 574
448 332
46 844
435 681
226 24
309 230
718 137
481 756
186 799
12 430
696 796
452 293
698 189
38 682
682 787
315 743
190 497
263 383
330 628
630 483
629 532
506 541
744 554
751 732
649 607
435 316
636 359
656 306
624 748
713 762
314 673
663 529
209 561
838 707
112 47
554 154
353 331
775 72
500 398
764 421
620 852
287 626
200 300
551 44
828 220
540 771
8 436
870 245
506 465
516 702
77 416
630 414
748 813
420 429
496 118
6 674
170 763
46 99
782 473
91 509
511 619
79 25
265 451
708 561
708 583
775 477
491 568
823 238
519 188
392 389
581 643
270 31
37 646
774 495
758 624
323 443
194 333
14 480
423 258
580 135
103 538
68 520
15 3
166 382
44 818
353 776
51 864
529 781
623 762
313 464
206 159
704 730
672 334
711 717
145 255
57 32
701 258
603 374
631 652
724 18
395 461
752 657
642 285
686 824
378 479
400 815
593 464
248 628
792 506
406 526
852 554
528 186
513 266
792 822
539 416
439 723
411 85
324 420
236 659
36 496
572 85
574 234
188 289
356 162
512 162
548 363
610 198
262 335
447 15
358 606
597 370
544 354
