1 4
28 4
57 8
58 6
59 4
71 8
72 6
73 4
82 4
102 6
103 4
149 4
155 4
167 8
168 6
169 4
177 4
181 4
187 4
188 4
191 4
219 6
220 4
227 4
236 4
245 6
246 4
251 4
283 4
304 4
327 4
378 4
379 6
380 4
401 4
410 4
431 4
451 12
452 10
453 8
454 6
455 4
465 4
485 4
486 8
487 6
488 4
496 4
524 6
525 4
537 4
546 4
551 8
552 6
553 4
556 6
557 4
571 4
576 4
583 4
586 4
594 6
595 4
634 4
686 4
693 6
694 4
697 4
709 4
714 4
749 8
750 6
751 4
773 8
774 6
775 4
788 4
804 4
815 6
816 4
830 4
845 6
846 4
861 6
862 4
889 4
896 4
898 4
901 4
909 4
